3.000000000611180440e-03 -5.772907780911745029e-02 -5.738537257830296501e-02 -2.566121487615006386e-02 0.000000000000000000e+00 -1.820000000000000062e+00 -2.780048392320315690e-04 -4.434422888333064590e-03
1.280000000006111804e-01 -5.776620402569395546e-02 -5.738404653033284814e-02 -2.624694045281384183e-02 0.000000000000000000e+00 -1.820000000000000062e+00 -2.806453784837111085e-04 -4.455152573181883451e-03
2.350000000005820766e-01 -5.725050043958038182e-02 -5.740069848698522298e-02 -4.485509085586660005e-02 0.000000000000000000e+00 -1.820000000000000062e+00 1.725238594980690182e-02 -5.162623802589194622e-01
3.460000000013678800e-01 -5.426841430418388734e-02 -5.770544290013203403e-02 -1.761798394733990469e-01 0.000000000000000000e+00 -1.820000000000000062e+00 2.576901018285304018e-02 -1.344300988317630674e+00
4.590000000025611371e-01 -5.176278983283800345e-02 -5.830325687694538211e-02 -3.172703336621051085e-01 0.000000000000000000e+00 -1.820000000000000062e+00 2.421108448030423466e-02 -1.489133268867971704e+00
5.690000000031432137e-01 -4.996475983210271754e-02 -5.902234562637814069e-02 -4.867717493661745665e-01 0.000000000000000000e+00 -1.772869908271476280e+00 1.606202778964462355e-02 -1.807783097158702779e+00
6.860000000015133992e-01 -4.861364068524637316e-02 -5.987707614137825068e-02 -6.680409529246825739e-01 0.000000000000000000e+00 -1.629772943347946423e+00 1.595778244006081786e-02 -1.817674938308771582e+00
8.000000000029103830e-01 -4.745659821161029440e-02 -6.094891493418828909e-02 -8.486990263343763274e-01 0.000000000000000000e+00 -1.487079684536011914e+00 1.551635028409815639e-02 -1.773300871974631487e+00
9.150000000008731149e-01 -4.626230253538831522e-02 -6.262172144601625690e-02 -1.075615374588065221e+00 0.000000000000000000e+00 -1.307427289686472038e+00 1.437157172410936413e-02 -1.613741254700000072e+00
1.024000000001251465e+00 -4.545091025006251645e-02 -6.455404982843540584e-02 -1.283449875461873946e+00 0.000000000000000000e+00 -1.142920713445467973e+00 1.295336711410002839e-02 -1.480692187425878714e+00
1.138000000002648449e+00 -4.521847217130314095e-02 -6.547742838891189299e-02 -1.377015291559124499e+00 0.000000000000000000e+00 -1.069336000550461074e+00 2.229831458668621313e-02 -1.286603751994378042e+00
1.246000000002823072e+00 -4.502167611207905096e-02 -6.743014159679396047e-02 -1.587082071602870403e+00 0.000000000000000000e+00 -9.027411997455275783e-01 9.639177011147366525e-03 -1.142749769146124361e+00
1.386000000002240995e+00 -4.511444926314667203e-02 -6.868117110248164736e-02 -1.733252221131993842e+00 0.000000000000000000e+00 -7.868821034339267273e-01 8.363318152031317884e-03 -1.051508506495196338e+00
1.533999999999650754e+00 -4.543790620115606416e-02 -7.007778321879636063e-02 -1.890068846791006729e+00 0.000000000000000000e+00 -6.624086054006937951e-01 6.754339390565127811e-03 -8.805320782753529585e-01
1.679000000000087311e+00 -4.519784889147550333e-02 -6.993587715345875311e-02 -1.962771670907072163e+00 0.000000000000000000e+00 -6.047514174423906930e-01 6.026823645516282517e-03 -7.779203598704936828e-01
1.814000000002124580e+00 -4.566808265427842878e-02 -7.092812439119318413e-02 -2.058160474475352775e+00 0.000000000000000000e+00 -5.291447005159967132e-01 5.929694235584469578e-03 -6.626202622705966716e-01
1.944000000003143214e+00 -4.615658690111818646e-02 -7.176381403313369933e-02 -2.163637782628785367e+00 0.000000000000000000e+00 -4.453385246275377018e-01 5.651720323946720845e-03 -6.099144768231081759e-01
2.079000000001542503e+00 -4.677275159351725747e-02 -7.262690412688548036e-02 -2.221063132458465983e+00 0.000000000000000000e+00 -3.999229338152959223e-01 4.731210259348498856e-03 -5.266021398658967678e-01
2.202000000001135049e+00 -4.706239009030886017e-02 -7.299271906229823359e-02 -2.272170611727798661e+00 0.000000000000000000e+00 -3.594116380893654927e-01 3.687929633629110499e-03 -4.338964463234813995e-01
2.676999999999679858e+00 -4.815135433220005257e-02 -7.402139380321134943e-02 -2.484743744858798564e+00 0.000000000000000000e+00 -1.896740537486889533e-01 3.286541201341255762e-03 -3.882380974611399638e-01
2.808000000000902219e+00 -4.839440601152784904e-02 -7.420614370017696027e-02 -2.520984728986489287e+00 0.000000000000000000e+00 -1.608288717101586662e-01 2.999824554900230693e-03 -3.476398311282251075e-01
2.947000000000116415e+00 -4.867991282281267790e-02 -7.440651889916673201e-02 -2.559671021225344845e+00 0.000000000000000000e+00 -1.299988778737430350e-01 1.574237988197470933e-03 -1.793784016924797331e-01
3.085000000002764864e+00 -4.884344841934615961e-02 -7.451399300558989025e-02 -2.581700520090721263e+00 0.000000000000000000e+00 -1.124671824661174213e-01 1.361831789053667002e-03 -1.514014749791374737e-01
3.228000000002793968e+00 -4.901348019466996581e-02 -7.462052115903576588e-02 -2.604056338355088318e+00 0.000000000000000000e+00 -9.465744378363982747e-02 1.098174466696437510e-03 -1.217376524021799994e-01
3.354000000002997695e+00 -4.912508883448333391e-02 -7.468759271425039203e-02 -2.618580543307432507e+00 0.000000000000000000e+00 -8.309890225894946136e-02 9.438527227659330564e-04 -1.049934447289103956e-01
3.481999999999970896e+00 -4.921952903837367027e-02 -7.474264663681719212e-02 -2.630840744322016533e+00 0.000000000000000000e+00 -7.334168815925819207e-02 7.852478408612710049e-04 -8.785336945994783042e-02
3.606999999999970896e+00 -4.928154880079525096e-02 -7.477795413643682776e-02 -2.638906002721363109e+00 0.000000000000000000e+00 -6.693332165813510592e-02 6.805705713107117628e-04 -7.673887236553503244e-02
3.765000000003055902e+00 -4.937260434714618035e-02 -7.482863507135883996e-02 -2.650819112611186412e+00 0.000000000000000000e+00 -5.743887344339019402e-02 5.927525123983921548e-04 -6.760782815389899947e-02
3.890000000003055902e+00 -4.940568038004170687e-02 -7.484670011656049948e-02 -2.655150808364383774e+00 0.000000000000000000e+00 -5.400481212489222083e-02 5.372466203416882951e-04 -6.145671664691006869e-02
4.021000000000640284e+00 -4.949443091783798515e-02 -7.489425526862771021e-02 -2.666591062904942078e+00 0.000000000000000000e+00 -4.487692988883069944e-02 4.766788419981595826e-04 -5.273027222221567112e-02
4.152000000001862645e+00 -4.954811681686425995e-02 -7.492236896301704419e-02 -2.673299041964494638e+00 0.000000000000000000e+00 -3.952923225258300755e-02 4.554223830589676069e-04 -4.969758984167396698e-02
4.292000000001280569e+00 -4.958402226165570942e-02 -7.494082228429525816e-02 -2.677688217992669539e+00 0.000000000000000000e+00 -3.603309412043434468e-02 3.873225880726711284e-04 -4.091259986413155192e-02
4.424000000002706656e+00 -4.963599599559885556e-02 -7.496692473678862045e-02 -2.684013177378576032e+00 0.000000000000000000e+00 -3.098391169787542351e-02 3.316909733891815312e-04 -3.575601984717030613e-02
4.557000000000698492e+00 -4.967244747520422471e-02 -7.498457893478958913e-02 -2.688434268388392390e+00 0.000000000000000000e+00 -2.745436560079061658e-02 3.033166342180362504e-04 -3.234950126251574798e-02
4.693000000002939487e+00 -4.970755988795316771e-02 -7.500142972169267230e-02 -2.692273580892024842e+00 2.600000000000000089e-01 -2.438749849116943202e-02 2.969751078853416059e-04 -2.766514545654686838e-02
4.830000000001746230e+00 -4.974230883100808770e-02 -7.501805638981780266e-02 -2.695659605030156669e+00 2.600000000000000089e-01 -2.168087457920118977e-02 2.930500513138891675e-04 -2.442631169505317737e-02
4.960000000002764864e+00 -5.102520910187589853e-02 -7.562370994023080717e-02 -2.704005766984125092e+00 2.600000000000000089e-01 -1.499930707141314788e-02 4.700815759232201962e-02 -1.295475086543871612e-01
5.094000000000960426e+00 -6.834274232389397907e-02 -8.350955953127958686e-02 -2.718645437947133647e+00 2.600000000000000089e-01 -3.162756436133708215e-03 1.708221438874050480e-01 -2.262744301336966010e-02
5.227000000002590241e+00 -8.497992601300403959e-02 -9.102745036080896190e-02 -2.715128688686379910e+00 2.600000000000000089e-01 -5.836345080396971793e-03 1.879768501900518363e-01 4.850825925200954319e-02
5.366000000001804437e+00 -1.192552548161376763e-01 -1.067217007883744517e-01 -2.711193475581114232e+00 2.600000000000000089e-01 -8.775925901350695862e-03 2.600669811795380815e-01 -4.050757552533922577e-03
5.498000000003230525e+00 -1.507860773111071861e-01 -1.211842697811045255e-01 -2.711967312174125677e+00 2.600000000000000089e-01 -7.965873817855913253e-03 2.610699664969156064e-01 -4.925022113330063470e-03
5.637000000002444722e+00 -1.901833080059931458e-01 -1.392232349552330606e-01 -2.712780891695806940e+00 2.600000000000000089e-01 -7.057776460973915270e-03 2.588124077944685686e-01 -9.097345830965990199e-03
5.773000000001047738e+00 -2.137802629362066387e-01 -1.499991474238470679e-01 -2.713681725827604474e+00 2.600000000000000089e-01 -6.162427981670253602e-03 2.600719954519139510e-01 -8.944674212818446574e-03
5.915000000000873115e+00 -2.453498740069929573e-01 -1.643771604532785202e-01 -2.714768687860824592e+00 2.600000000000000089e-01 -5.040815979160300289e-03 2.610776383502241282e-01 -5.699620723719863412e-03
6.059000000001105946e+00 -2.848004985229193875e-01 -1.823118246214866234e-01 -2.715288018296587058e+00 2.600000000000000089e-01 -4.288108455585916759e-03 2.588315147378901226e-01 -6.617850954806062114e-03
6.200000000000727596e+00 -3.243254731151924419e-01 -2.002381103534119910e-01 -2.716347723043034623e+00 2.600000000000000089e-01 -3.069859108506496626e-03 2.609974944759529958e-01 -6.535901088961577031e-03
6.343000000000756700e+00 -3.481037070528373301e-01 -2.109999968566535766e-01 -2.716706888125799413e+00 2.600000000000000089e-01 -2.536553315290523275e-03 2.604512191782287212e-01 -5.305566543563964947e-04
6.494000000002415618e+00 -3.872892742984210268e-01 -2.287365647340068031e-01 -2.716826634037409427e+00 2.600000000000000089e-01 -2.030190963449526181e-03 2.592116273581112074e-01 -4.055562918111279246e-03
6.646000000000640284e+00 -4.190513078692588711e-01 -2.430931611212818200e-01 -2.717351529907952035e+00 2.600000000000000089e-01 -1.251573840464079157e-03 2.610150304789024545e-01 -4.072660685593971000e-03
6.801000000003114110e+00 -4.584409457169023039e-01 -2.608828850028976909e-01 -2.717191802663095679e+00 2.600000000000000089e-01 -9.123910225428792653e-04 2.591412437785157175e-01 8.331768693672562780e-04
6.951000000000931323e+00 -4.978902292093576598e-01 -2.787034982444929754e-01 -2.717523654627580942e+00 2.600000000000000089e-01 -1.568777440903411369e-04 2.601382084533137573e-01 -2.529721823363142389e-03
7.099000000001979060e+00 -5.295127535593523449e-01 -2.929736811124798446e-01 -2.717757579740707641e+00 2.600000000000000089e-01 4.515491081159422881e-04 2.610007317120587311e-01 4.932133167606985585e-04
7.248000000003230525e+00 -5.612148569458903502e-01 -3.072905299424725789e-01 -2.717236752886211359e+00 2.600000000000000089e-01 4.699647460003029964e-04 2.587526053230013723e-01 7.741400830416128500e-04
7.399000000001251465e+00 -5.926455576035004613e-01 -3.214905305305004735e-01 -2.717327954690081260e+00 2.600000000000000089e-01 9.905975601023318811e-04 2.601588650003655578e-01 -8.367755038371040878e-04
7.551999999999679858e+00 -6.323429899963227685e-01 -3.394183339982925762e-01 -2.717260407269179279e+00 2.600000000000000089e-01 1.529066917310917262e-03 2.603014819281342374e-01 4.865284655791608619e-03
7.709000000002561137e+00 -6.715260614985079091e-01 -3.571451341998582163e-01 -2.716692934539228332e+00 2.600000000000000089e-01 1.678247676559926904e-03 2.592668655439041570e-01 -8.726941624309875276e-05
7.871000000002823072e+00 -7.111408775911480795e-01 -3.750686280476977497e-01 -2.716673307079831456e+00 2.600000000000000089e-01 2.307704698533911969e-03 2.612049903685774721e-01 1.594458946253881878e-03
8.032000000002881279e+00 -7.426549298187833381e-01 -3.893414876345699382e-01 -2.715905868523535993e+00 2.600000000000000089e-01 2.231062783880993772e-03 2.590011743163651015e-01 3.753173131220525604e-03
8.190000000002328306e+00 -7.899056508611056460e-01 -4.107764313840320813e-01 -2.715618457427207311e+00 2.600000000000000089e-01 2.829334864111899411e-03 2.606461934081523157e-01 7.582248372302199902e-04
8.343000000000756700e+00 -8.136761242551490136e-01 -4.215629130226831722e-01 -2.715438842318105728e+00 2.600000000000000089e-01 3.134295908095635630e-03 2.609667000505650480e-01 3.720344152792679111e-03
8.497000000003026798e+00 -8.531058010010795778e-01 -4.394928504630884469e-01 -2.714492257701678124e+00 2.600000000000000089e-01 3.126021658108355666e-03 2.588946252019857508e-01 2.013521746560962243e-03
8.648000000001047738e+00 -8.926215394933646463e-01 -4.574843140428283550e-01 -2.714186118514652524e+00 2.600000000000000089e-01 3.670525445661369790e-03 2.610726446570228454e-01 1.859989238300930030e-03
8.801000000003114110e+00 -9.319364006637141928e-01 -4.754118491733526630e-01 -2.713143117462944787e+00 2.600000000000000089e-01 3.660708886937244499e-03 2.589285502923531213e-01 4.706991816941783965e-03
8.957000000002153683e+00 -9.713119330275575836e-01 -4.934103053635825464e-01 -2.712653069477038326e+00 2.600000000000000089e-01 4.128593286652725708e-03 2.602327411957072734e-01 2.522561650275207800e-03
9.110000000000582077e+00 -1.010923015829377380e+00 -5.115346902363855364e-01 -2.712029798136080139e+00 2.600000000000000089e-01 4.549889690723826763e-03 2.601860148226513569e-01 8.414240238416137441e-03
9.274000000001251465e+00 -1.042232478947771712e+00 -5.259043574030021206e-01 -2.711076990029412936e+00 2.600000000000000089e-01 4.541522908227828975e-03 2.589183003941379346e-01 3.400078809809176702e-03
9.434000000001105946e+00 -1.089519950602766629e+00 -5.476387950947798622e-01 -2.710385529782425529e+00 2.600000000000000089e-01 5.189047779282619788e-03 2.612166397178827815e-01 4.720691645994407222e-03
9.591000000000349246e+00 -1.120933128221897501e+00 -5.621118835392693303e-01 -2.709264688845914204e+00 2.600000000000000089e-01 5.140642371783254311e-03 2.588118681744535077e-01 5.530308672252521283e-03
9.750000000000000000e+00 -1.152449053941147161e+00 -5.766684384010632991e-01 -2.708639404231287351e+00 2.600000000000000089e-01 5.525094853158680347e-03 2.598133072730933746e-01 4.267434980634881962e-03
9.912000000000261934e+00 -1.191734074973906932e+00 -5.948401012803968824e-01 -2.707877370085811197e+00 2.600000000000000089e-01 6.085140402212335653e-03 2.609285587643977999e-01 6.482966009436019403e-03
1.008000000000174623e+01 -1.238770141041836581e+00 -6.166777078066483231e-01 -2.706345791307747550e+00 2.600000000000000089e-01 6.341974134577807454e-03 2.593682327537699672e-01 4.793311259712980041e-03
1.024500000000261934e+01 -1.278204968282713239e+00 -6.350324026752258710e-01 -2.705483727541284633e+00 2.600000000000000089e-01 6.882801256731182343e-03 2.612177153481656799e-01 6.255315492430495693e-03
1.040700000000288128e+01 -1.317508279620702494e+00 -6.533874471810580120e-01 -2.703941424093418089e+00 2.600000000000000089e-01 7.207147962238855121e-03 2.586899427393921647e-01 6.538016564722723238e-03
1.057900000000154250e+01 -1.348753843510393624e+00 -6.680238234030810851e-01 -2.703116441498346401e+00 2.600000000000000089e-01 7.772500529108623130e-03 2.603067786339379186e-01 6.107948197205723302e-03
1.074600000000282307e+01 -1.395931181877349880e+00 -6.901828851584321800e-01 -2.701403237337261842e+00 2.600000000000000089e-01 8.409612334723183535e-03 2.587293429556438706e-01 1.820529137413436430e-02
1.091400000000066939e+01 -1.435057792265626908e+00 -7.086485382052035709e-01 -2.700061269188974045e+00 2.600000000000000089e-01 9.154009608843802909e-03 2.598687558811438869e-01 7.196234148380093072e-03
1.108500000000276486e+01 -1.466401088656787310e+00 -7.234792076568977715e-01 -2.699045187635281007e+00 2.600000000000000089e-01 9.943862194515772773e-03 2.612211508672335203e-01 8.520162626525310326e-03
1.125400000000081491e+01 -1.513286764093743519e+00 -7.457620382819234450e-01 -2.696854839897607548e+00 2.600000000000000089e-01 1.061225557490588431e-02 2.589982185205437770e-01 8.975809506263653786e-03
1.141900000000168802e+01 -1.544481128288038851e+00 -7.606512528263771333e-01 -2.695610559825346808e+00 2.600000000000000089e-01 1.179011407637251332e-02 2.608022277402749500e-01 9.419740740985534447e-03
1.159700000000157161e+01 -1.591430830673132402e+00 -7.831567955829933370e-01 -2.693209783725698081e+00 2.600000000000000089e-01 1.321011114622644769e-02 2.588225398783959297e-01 1.215800886265154014e-02
1.177500000000145519e+01 -1.630436591319823325e+00 -8.019677853474759255e-01 -2.691277901814117968e+00 2.600000000000000089e-01 1.488053982964903862e-02 2.603681050365459493e-01 1.148402255917591562e-02
1.195700000000215368e+01 -1.677341256861995200e+00 -8.247061398134947208e-01 -2.688542408721809274e+00 2.600000000000000089e-01 1.732395123850429333e-02 2.583367666488161074e-01 2.193344077690429633e-02
1.213600000000224099e+01 -1.716206482788323440e+00 -8.436906894885745078e-01 -2.686030339309773307e+00 2.600000000000000089e-01 1.996952013697541814e-02 2.599337526210541149e-01 1.489015040788035059e-02
1.231100000000151340e+01 -1.763010146921465848e+00 -8.667050917927986431e-01 -2.682721825638077817e+00 2.499288648280519887e-01 2.448446767069708402e-02 2.601443949079491613e-01 1.836155828741084170e-02
1.253900000000066939e+01 -1.809403817239003676e+00 -8.897465678680852585e-01 -2.678576936277564435e+00 2.086436732251693571e-01 3.087865745167954826e-02 2.598999377376081110e-01 2.017434896495170701e-02
1.271399999999994179e+01 -1.847120584387912379e+00 -9.086090476743509114e-01 -2.677072407761518225e+00 1.750116424000232596e-01 4.121765846700342628e-02 2.509240365617982360e-01 2.458166237429970993e-02
1.289099999999962165e+01 -1.888841276952273329e+00 -9.296720896851731197e-01 -2.669392412379395285e+00 1.377617064449527806e-01 5.538158040872040444e-02 2.074389281141141850e-01 3.156090922389392234e-02
1.307300000000032014e+01 -1.916292733179227437e+00 -9.437916403346464644e-01 -2.663011712933160968e+00 1.131708993746829983e-01 7.213952059685101170e-02 1.753362237646274857e-01 4.128307368848189995e-02
1.325200000000040745e+01 -1.939841792447606128e+00 -9.561057278635031187e-01 -2.655162811137161238e+00 9.200968919710196536e-02 9.717324380422966146e-02 1.389641483841164427e-01 5.500310052714528497e-02
1.344000000000232831e+01 -1.966259446246422238e+00 -9.703149136500710537e-01 -2.638340087860883809e+00 6.814788960141365814e-02 1.568254450323715299e-01 1.106420708788859453e-01 7.182760420745074037e-02
1.362900000000081491e+01 -1.980421175492187880e+00 -9.782206545581273449e-01 -2.624539105585957710e+00 5.526530419345297707e-02 2.396176261818917796e-01 9.002444219422786609e-02 9.761326366400682741e-02
1.382500000000072760e+01 -1.992783380824992845e+00 -9.854316653323529351e-01 -2.597698496834793147e+00 1.097803195366418849e-02 2.359345203329036300e-01 6.625047710283286928e-02 1.586386567303099404e-01
1.401800000000002910e+01 -2.000745875496617199e+00 -9.904193282154094558e-01 -2.561298017681760797e+00 7.011326525795548251e-06 1.820000000000000062e+00 5.323636066606413780e-02 2.421149497829562236e-01
1.420300000000133878e+01 -2.006100587041451888e+00 -9.940422989850027369e-01 -2.517988623979912077e+00 7.182846365474821706e-06 1.820000000000000062e+00 9.231832912853522519e-03 2.404686253718204825e-01
1.439199999999982538e+01 -2.007374038469403654e+00 -9.950016149274221178e-01 -2.411840709880754829e+00 7.545660166966961111e-06 1.820000000000000062e+00 1.988536165725115438e-03 1.043080106127249884e+00
1.458100000000194996e+01 -2.006855057047566948e+00 -9.944751155349960126e-01 -2.147895875000427779e+00 8.073164102646199385e-06 1.820000000000000062e+00 4.091300318887729345e-04 1.705577307105168083e+00
1.477600000000165892e+01 -2.005858477170078036e+00 -9.918686617505091396e-01 -1.787132325858589832e+00 7.888909556585349227e-06 1.820000000000000062e+00 -1.648227204184899222e-02 1.820553577564895331e+00
1.497300000000177533e+01 -2.005691530651469989e+00 -9.891002228676888386e-01 -1.485015696643476657e+00 6.948240543704552718e-06 1.820000000000000062e+00 -1.575778737925324913e-02 1.805044595651133177e+00
1.517300000000250293e+01 -2.006547831822890871e+00 -9.861023154808793434e-01 -1.122452514094463893e+00 5.000138719181432072e-06 1.820000000000000062e+00 -1.608438051563140792e-02 1.820301250864951648e+00
1.537200000000302680e+01 -2.008905570258491480e+00 -9.830945126254120314e-01 -7.007899828897473649e-01 1.939038959603523641e-06 1.820000000000000062e+00 -1.563662210291065155e-02 1.807114829003015455e+00
1.557500000000072760e+01 -2.011148849646377634e+00 -9.817558717492801401e-01 -3.977867076887576792e-01 -5.048429673087664080e-07 1.820000000000000062e+00 -1.604138697930447902e-02 1.820663682678191453e+00
1.577300000000104774e+01 -2.014381885807145611e+00 -9.810668340573489576e-01 -3.567912252087827168e-02 -3.346175580753660453e-06 1.820000000000000062e+00 -1.573139959644552152e-02 1.805247932531809596e+00
1.598000000000320142e+01 -2.017965921825768394e+00 -9.817486868342862882e-01 3.870324375574837883e-01 -6.090765371048129307e-06 1.604089789894732609e+00 -1.656101903736396930e-02 1.819884351042780235e+00
1.618300000000090222e+01 -2.020744622642134392e+00 -9.835348493024764771e-01 7.485795425732993946e-01 -7.601246109409338448e-06 1.315055149889022168e+00 -1.564727536583142287e-02 1.807575871752080898e+00
1.638000000000101863e+01 -2.022178992984783985e+00 -9.853387078122167742e-01 1.024631347273664783e+00 -8.098693119825524437e-06 1.094490888450821764e+00 -1.402886237490454449e-02 1.604983533102906756e+00
1.658100000000194996e+01 -2.023016761859295798e+00 -9.873297205878908134e-01 1.319903973728874469e+00 -7.951938773874984171e-06 8.584259587834899285e-01 -9.736846710146809802e-03 1.288874041339151066e+00
1.678499999999985448e+01 -2.023238388582903724e+00 -9.895027469730178771e-01 1.589989056929304478e+00 -7.213576713294063131e-06 6.424100144909539178e-01 -9.023433038431588615e-03 1.089690693676941047e+00
1.699300000000221189e+01 -2.023056187526760752e+00 -9.909382838843616703e-01 1.772761661933173860e+00 -6.412301808331588193e-06 4.963462190619846726e-01 -7.486036004644328924e-03 8.617245837881998272e-01
1.720100000000093132e+01 -2.022735650306071165e+00 -9.920142799642824860e-01 1.913288419477702229e+00 -5.649309284634815265e-06 3.840809795877109245e-01 -6.722484600425384683e-03 6.380990050152268722e-01
1.740100000000165892e+01 -2.022199881809445099e+00 -9.932690732408558931e-01 2.025445620662561730e+00 -4.959626614991206532e-06 2.944405059688560700e-01 -4.818776616701309252e-03 4.890823755063760103e-01
1.761200000000098953e+01 -2.021877221693464843e+00 -9.938421317221954876e-01 2.109620456335684846e+00 -4.400571565066886734e-06 2.272207393487448990e-01 -3.084981726781533054e-03 3.741281721175840347e-01
1.781999999999970896e+01 -2.021668233272301496e+00 -9.941550370918164070e-01 2.174298640248236048e+00 -3.949618587141706953e-06 1.755822200147519330e-01 -1.965709292026187032e-03 2.856605160247105979e-01
1.802800000000206637e+01 -2.021456230832444856e+00 -9.944352239470731769e-01 2.230401196901418359e+00 -3.545010915205121987e-06 1.307720954418987724e-01 -1.280844094382599992e-03 2.208084737699647915e-01
1.825500000000101863e+01 -2.021340977010067430e+00 -9.945726780542060164e-01 2.266245652541781119e+00 -3.280581223843019442e-06 1.021524250995582972e-01 -8.008539974061650631e-04 1.709995901590679879e-01
1.846800000000075670e+01 -2.021260314550693771e+00 -9.946612908322040036e-01 2.298898832659540314e+00 -3.036016762201575476e-06 7.606571886756252621e-02 -3.868665925852934765e-04 1.278658644087833085e-01
1.868200000000069849e+01 -2.021229421818449445e+00 -9.946919979799750955e-01 2.320827503901531585e+00 -2.869943370564060658e-06 5.854482098231789111e-02 -1.101035501147002387e-04 1.004834220546307194e-01
1.889500000000043656e+01 -2.021237020789522276e+00 -9.946811955706903463e-01 2.340048041050861283e+00 -2.723242004964309253e-06 4.317751960098671626e-02 1.410683180183263795e-04 7.530108881947192301e-02
1.911100000000078580e+01 -2.021276333323206664e+00 -9.946388923870108645e-01 2.354303304259148355e+00 2.600000000000000089e-01 3.177236534314124838e-02 2.762841953322539112e-04 5.866728684518665582e-02
1.932400000000052387e+01 -2.021318625524445967e+00 -9.945951704393206638e-01 2.362061478797736314e+00 2.600000000000000089e-01 2.555913369015436198e-02 3.983368496456687110e-04 4.383301762924379785e-02
1.954200000000128057e+01 -2.030791622855026457e+00 -9.855381911352512070e-01 2.377936711406569703e+00 2.600000000000000089e-01 1.274167047051842985e-02 1.278627106951198134e-01 -1.676961445072558676e-01
1.975900000000183354e+01 -2.054204414119013222e+00 -9.618378111370063932e-01 2.334733877634746602e+00 2.600000000000000089e-01 4.733513586152315877e-02 2.092322301339827328e-01 5.443509232260139441e-02
1.997100000000136788e+01 -2.083034661027149070e+00 -9.321820059570787853e-01 2.344943137278531431e+00 2.600000000000000089e-01 3.929451421045295628e-02 2.605660321645103528e-01 1.264008657361164432e-02
2.019100000000253203e+01 -2.125404330469965686e+00 -8.890346567579668902e-01 2.351495305755923582e+00 2.600000000000000089e-01 3.414682555444005507e-02 2.589797629289278258e-01 5.288071282967749670e-02
2.041400000000066939e+01 -2.168238681588548822e+00 -8.462748176191258187e-01 2.361428912665083590e+00 2.600000000000000089e-01 2.610588353390922919e-02 2.600156727682297331e-01 3.104475029725086918e-02
2.063600000000224099e+01 -2.211565810533436593e+00 -8.037309395578278171e-01 2.369693853531451122e+00 2.600000000000000089e-01 1.923160586726383597e-02 2.598001341229499994e-01 4.120487418323917628e-02
2.085300000000279397e+01 -2.248932790773051860e+00 -7.675921186236366323e-01 2.374964793662690976e+00 2.600000000000000089e-01 1.464803391006416419e-02 2.599095104468627793e-01 1.695520032299611610e-02
2.106700000000273576e+01 -2.292608516234741156e+00 -7.257487923159500198e-01 2.380531954366682079e+00 2.600000000000000089e-01 9.652959888203707650e-03 2.601673383191047684e-01 2.526071034076066146e-02
2.128200000000288128e+01 -2.336539271750548430e+00 -6.840537776899711098e-01 2.383212853687812327e+00 2.600000000000000089e-01 6.841319854814349732e-03 2.598917402173572810e-01 1.200578080091132920e-02
2.150200000000040745e+01 -2.374308491629703699e+00 -6.483933900109084547e-01 2.386466026240290361e+00 2.600000000000000089e-01 3.587111721087020422e-03 2.602363855264201442e-01 1.231314528331640262e-02
2.172800000000279397e+01 -2.418600626308117008e+00 -6.067439315328017058e-01 2.387116549562646739e+00 2.600000000000000089e-01 2.226872290511480723e-03 2.589329589747761950e-01 1.444582589354007594e-02
2.194499999999970896e+01 -2.462749974697358901e+00 -5.653518697601858101e-01 2.388824634922454671e+00 2.600000000000000089e-01 -5.501663005583884436e-05 2.589930487425398109e-01 -7.763439665125337202e-03
2.217300000000250293e+01 -2.506911069824187432e+00 -5.239645509254544642e-01 2.389017926703258077e+00 2.600000000000000089e-01 -1.180655132792945983e-03 2.596904141186431869e-01 9.900897090784311141e-03
2.239300000000002910e+01 -2.544868078250021703e+00 -4.884606600811673971e-01 2.389156448371329233e+00 2.600000000000000089e-01 -2.193385727158332632e-03 2.598722049048438620e-01 -8.587074204265798816e-03
2.261900000000241562e+01 -2.589225516129499471e+00 -4.469021642798572946e-01 2.389069161256958562e+00 2.600000000000000089e-01 -3.211150803264430087e-03 2.600640874952253045e-01 6.496140398750614199e-03
2.284000000000014552e+01 -2.633427341885919759e+00 -4.055029433395013205e-01 2.387869803040231442e+00 2.600000000000000089e-01 -3.404591328937861539e-03 2.600703285388239472e-01 -7.986043854995761651e-03
2.306500000000232831e+01 -2.671302649725417311e+00 -3.699555909823225575e-01 2.388159866512918672e+00 2.600000000000000089e-01 -4.665285523875628559e-03 2.602132458308439311e-01 2.235740164369849712e-03
2.329300000000148430e+01 -2.709195170747974224e+00 -3.343769215576838372e-01 2.386537996926007654e+00 2.600000000000000089e-01 -4.447809854616513459e-03 2.600573385829520467e-01 -9.068582960628041034e-03
2.351900000000023283e+01 -2.753274299682835657e+00 -2.928903449587866858e-01 2.386557733080191035e+00 2.600000000000000089e-01 -5.761243122222502178e-03 2.602093467170226160e-01 -2.455165973618953727e-03
2.375900000000183354e+01 -2.803717774032460142e+00 -2.453074398482616159e-01 2.384500938722653895e+00 2.600000000000000089e-01 -5.670250359090661663e-03 2.595648048801799668e-01 1.563269170758313465e-03
2.399899999999979627e+01 -2.841495099931591994e+00 -2.096175283822698798e-01 2.383842775204892739e+00 2.600000000000000089e-01 -6.381169091556192219e-03 2.592749591685709620e-01 -1.580169886117610209e-02
2.423300000000017462e+01 -2.898046267492317973e+00 -1.559796611822879264e-01 2.382332255376233388e+00 2.600000000000000089e-01 -7.081663465820953185e-03 2.602483200866435586e-01 -5.997755414391238785e-04
2.454900000000270666e+01 -2.954500304557317936e+00 -1.022586851435284550e-01 2.379730903064571912e+00 2.600000000000000089e-01 -7.034224191294645434e-03 2.595065626264396186e-01 -9.937826221434772455e-05
2.479100000000107684e+01 -2.992105886519136781e+00 -6.637799539267286164e-02 2.378756795637431143e+00 2.600000000000000089e-01 -7.703657016428951121e-03 2.593758573748879415e-01 -1.681330183210070703e-02
2.502600000000165892e+01 -3.042174988660833357e+00 -1.839098814539288571e-02 2.376903835105771190e+00 2.600000000000000089e-01 -8.217576982665952823e-03 2.601448653871917815e-01 -4.630948498260754724e-05
2.526100000000224099e+01 -3.085850734660726236e+00 2.358331047888245768e-02 2.374356854577666098e+00 2.600000000000000089e-01 -8.152384840458187787e-03 2.599297813436908244e-01 -1.257345892071648312e-02
2.549700000000302680e+01 -3.129399231431602590e+00 6.561667983756991340e-02 2.373512270060346818e+00 2.600000000000000089e-01 -9.324507510023588575e-03 2.603129023243042628e-01 -6.462165349076216467e-03
2.573900000000139698e+01 -3.173045332476299496e+00 1.079024952389588954e-01 2.370686450304168691e+00 2.600000000000000089e-01 -9.143944627245811918e-03 2.593039014889537697e-01 -3.569234056036511490e-03
2.597100000000136788e+01 -3.222610230843682366e+00 1.561038338511770429e-01 2.368564522694970531e+00 2.600000000000000089e-01 -9.980786204040262288e-03 2.600463339508947147e-01 -1.772179372115944423e-02
2.620700000000215368e+01 -3.259730866308659269e+00 1.924011436099369865e-01 2.366803524084979404e+00 2.600000000000000089e-01 -1.058838299657590548e-02 2.597800962638414091e-01 -2.246316747212723057e-03
2.644800000000032014e+01 -3.303178173671324380e+00 2.350045754000306131e-01 2.364157683460091253e+00 2.600000000000000089e-01 -1.101508448664044459e-02 2.599413467038411696e-01 -1.742990232172397791e-02
2.669200000000273576e+01 -3.352371225029300739e+00 2.835268986622294651e-01 2.362246717639339355e+00 2.600000000000000089e-01 -1.258456265448326672e-02 2.603962533124218881e-01 -9.124531172101881318e-03
2.693500000000130967e+01 -3.401594283414686171e+00 3.323526660272684286e-01 2.358624362926771578e+00 2.600000000000000089e-01 -1.309516230640478396e-02 2.594864103885219375e-01 -5.069969267625185592e-03
2.717100000000209548e+01 -3.438434927264235608e+00 3.690614380887330959e-01 2.356495337886534980e+00 2.600000000000000089e-01 -1.421096107474675158e-02 2.592475696766677329e-01 -2.488530758488646799e-02
2.740899999999965075e+01 -3.481134102879908099e+00 4.118956530223104595e-01 2.353358898347469363e+00 2.600000000000000089e-01 -1.522928535345335205e-02 2.598146664310982956e-01 -6.758772572260756707e-03
2.766200000000026193e+01 -3.530014424797511374e+00 4.612146286714203236e-01 2.349073979773912857e+00 2.600000000000000089e-01 -1.634789052140723370e-02 2.595682580395969330e-01 -1.717154187386444458e-02
2.791100000000005821e+01 -3.572448104429532645e+00 5.043590963421920037e-01 2.346604400207516150e+00 2.600000000000000089e-01 -1.883655636247316689e-02 2.605232266031380917e-01 -1.395104998599853291e-02
2.817200000000229920e+01 -3.620864024113071178e+00 5.539711763778142339e-01 2.341716932307615906e+00 2.600000000000000089e-01 -2.078797031752631363e-02 2.594387164356697362e-01 -1.063696612699843204e-02
2.843700000000171713e+01 -3.663033372506300012e+00 5.975136970778960332e-01 2.337523133306322443e+00 2.600000000000000089e-01 -2.347024421070174199e-02 2.601321317058530314e-01 -2.685147527135094830e-02
2.868800000000192085e+01 -3.716929292272686425e+00 6.537807770998522727e-01 2.332135725763857970e+00 2.600000000000000089e-01 -2.852485836659798130e-02 2.607180680359484359e-01 -1.929844357596537802e-02
2.894200000000273576e+01 -3.758714327069790251e+00 6.978962413966092182e-01 2.326087952754919641e+00 2.600000000000000089e-01 -3.290012615896274750e-02 2.592088465485977711e-01 -1.954047444835025835e-02
2.919700000000011642e+01 -3.806004450185200394e+00 7.484179971538393872e-01 2.318993549008335542e+00 2.600000000000000089e-01 -4.094283827851381841e-02 2.604436587036934592e-01 -3.316335194394861435e-02
2.945100000000093132e+01 -3.852940513407146383e+00 7.994029035077175882e-01 2.310992260400800635e+00 2.344964811454916531e-01 -5.403136570569762320e-02 2.607761757232250899e-01 -2.883004784003226698e-02
2.971500000000014552e+01 -3.893578309014957384e+00 8.443128549954602713e-01 2.301179090701425789e+00 1.863262743066325666e-01 -7.266835278754804617e-02 2.591734182256040242e-01 -3.879158500580495023e-02
2.997400000000197906e+01 -3.941576413578254279e+00 8.985935362131072246e-01 2.286864390633729371e+00 1.286628570677585404e-01 -1.228900672892355717e-01 2.345949352929488918e-01 -6.512837460812509471e-02
3.024600000000282307e+01 -3.973321255050942025e+00 9.359662047460682865e-01 2.259753617430270367e+00 8.986381860426312373e-02 -2.037439445831461249e-01 1.856541644139625691e-01 -6.723008487032175462e-02
3.052100000000064028e+01 -4.001127716243886745e+00 9.705089588255308986e-01 2.231270564818508273e+00 5.474732520545821934e-02 -5.278346892742991070e-01 1.305480315721575246e-01 -1.207322984699459451e-01
3.079900000000270666e+01 -4.017808687550431301e+00 9.926808031163981694e-01 2.191038167191238895e+00 -3.518253995779926663e-03 -5.272309241462690421e-01 9.156352809404245952e-02 -1.958022944726420800e-01
3.106900000000314321e+01 -4.031270471342527806e+00 1.012745793200153344e+00 2.125907133906950630e+00 -1.582842205672606214e-06 -4.533195401441965089e-01 8.917321146658131747e-02 -2.955986021142603670e-01
3.133000000000174623e+01 -4.039087951588427039e+00 1.026064413911811357e+00 2.077232209703647303e+00 -1.118931398606010745e-06 -4.168834424319975973e-01 4.218020626236688997e-02 -2.202393571907709513e-01
3.159300000000075670e+01 -4.040869705065410322e+00 1.029443179875170644e+00 1.972785958075321311e+00 -1.159545114860029756e-07 -3.341091784394188968e-01 5.027003305542870892e-03 -4.492259538047607137e-01
3.186200000000098953e+01 -4.041332809513219715e+00 1.030704664753772537e+00 1.845713328900408401e+00 1.104936223844053512e-06 -2.327826832614355856e-01 4.073915263403473513e-03 -4.167156879433117078e-01
3.212500000000000000e+01 -4.041638564544356882e+00 1.031885488273134754e+00 1.753724649303963323e+00 1.978751328949716694e-06 -1.594164327511611301e-01 3.854922008144452878e-04 -3.197334023264257197e-01
3.238700000000244472e+01 -4.041596238780933881e+00 1.031567720973140867e+00 1.692653157287024257e+00 2.550089442156297035e-06 -1.106417414612412831e-01 -2.115141511555860675e-03 -2.118498164491294244e-01
3.265999999999985448e+01 -4.041580480101507611e+00 1.031468599519348439e+00 1.653693878531173445e+00 2.909728090499194106e-06 -7.953753078795136600e-02 -1.388171190902602050e-04 -1.581339568560397868e-01
3.293600000000151340e+01 -4.041553366283920035e+00 1.031265106056775682e+00 1.614039082892658516e+00 3.271248992925485102e-06 -4.784568844968384305e-02 -7.064692890609965354e-04 -1.089092074534909055e-01
3.320600000000194996e+01 -4.041521706934317670e+00 1.030989647643206331e+00 1.594716421591500843e+00 3.445579097379416524e-06 -3.240452473035342756e-02 -1.229569567180149002e-03 -7.856419677449384686e-02
3.347900000000299769e+01 -4.041495182425864030e+00 1.030628644634731916e+00 1.578595444177456786e+00 3.590041824276843855e-06 -1.951447893457299715e-02 -1.177207355842577836e-03 -4.612643297212598581e-02
3.375500000000101863e+01 -4.041482150795189021e+00 1.030324617558089573e+00 1.569896021710432521e+00 3.667613583550302143e-06 -1.255943391135163137e-02 -1.117979552815414820e-03 -3.041161032493737079e-02
3.403000000000247383e+01 -4.041476136858042523e+00 1.030046863494197940e+00 1.564770510946182691e+00 2.600000000000000089e-01 -8.461917758056986330e-03 -1.021889576347041056e-03 -1.745594237293593767e-02
3.430100000000311411e+01 -4.041474122717612971e+00 1.029781194519320708e+00 1.561750356363186487e+00 2.600000000000000089e-01 -6.047694125045815008e-03 -9.919301329170979262e-04 -1.036836070379900006e-02
3.457300000000032014e+01 -4.041193230991187768e+00 1.039240306265369451e+00 1.523278156161034680e+00 2.600000000000000089e-01 2.479379132796407162e-02 1.087852113001721022e-01 -3.341778750604151860e-01
3.485599999999976717e+01 -4.036240342751259647e+00 1.100774315766948952e+00 1.488235170636881710e+00 2.600000000000000089e-01 5.400746870967788882e-02 2.594665043386154002e-01 -2.664715532964728566e-03
3.512900000000081491e+01 -4.031323186399677461e+00 1.161049558186336927e+00 1.491573633713648928e+00 2.600000000000000089e-01 5.255757963162784041e-02 2.607618776960049511e-01 2.234617633673650211e-02
3.540500000000247383e+01 -4.026240240105891210e+00 1.230145596432619337e+00 1.504019009076957181e+00 2.600000000000000089e-01 4.388914852724114940e-02 2.592306259360201426e-01 4.800699175259096063e-02
3.568100000000049477e+01 -4.021623961308809392e+00 1.308012000219568538e+00 1.519664012002921449e+00 2.600000000000000089e-01 3.255586586903912866e-02 2.577030937286822199e-01 4.592680425523949089e-02
3.595800000000235741e+01 -4.018477209902696856e+00 1.377288395900735152e+00 1.530920355202800343e+00 2.600000000000000089e-01 2.436383372207790582e-02 2.610378592118886010e-01 4.431927019090658310e-02
3.624000000000160071e+01 -4.015559577303753791e+00 1.463682626935225439e+00 1.542028407436482063e+00 2.600000000000000089e-01 1.622149677792265182e-02 2.608143185534947950e-01 2.904073177662351568e-02
3.651900000000023283e+01 -4.014008017190327848e+00 1.524244017102467597e+00 1.547944536418012662e+00 2.600000000000000089e-01 1.188192444156689793e-02 2.587105834923212888e-01 2.232787259430579763e-02
3.681500000000232831e+01 -4.012274290751295602e+00 1.611132747591255798e+00 1.553592228621675453e+00 2.600000000000000089e-01 7.788168719312789715e-03 2.587532973661500479e-01 1.435108081560584892e-02
3.709600000000136788e+01 -4.011188580286442651e+00 1.680196224465776211e+00 1.556421976641712224e+00 2.600000000000000089e-01 5.783089878340265041e-03 2.612111272117724203e-01 1.076654817371383056e-02
3.738900000000285218e+01 -4.010279850568033488e+00 1.749525419857786313e+00 1.558541704428584751e+00 2.600000000000000089e-01 4.296854181691689596e-03 2.595837478925467900e-01 6.171490536021931664e-03
3.768500000000130967e+01 -4.009391985777283729e+00 1.827596409864420401e+00 1.560178510001934749e+00 2.600000000000000089e-01 3.187446950426492745e-03 2.590173346213455186e-01 7.370313494848530940e-03
3.798800000000119326e+01 -4.008528968202851317e+00 1.914223317450773676e+00 1.561453939901501498e+00 2.600000000000000089e-01 2.358142102412726440e-03 2.600586880319995520e-01 4.664817698175733295e-03
3.827500000000145519e+01 -4.007833148709548432e+00 1.992119368427835768e+00 1.562094475189021558e+00 2.600000000000000089e-01 1.999397231902642468e-03 2.612408368480935716e-01 2.383817272472145421e-03
3.857200000000011642e+01 -4.007259364039003735e+00 2.061448262943341714e+00 1.562632321552728909e+00 2.600000000000000089e-01 1.697385101521063514e-03 2.596329821843095798e-01 1.066305190431588281e-03
3.886600000000180444e+01 -4.006641380655091567e+00 2.139518957458178328e+00 1.563029638401975063e+00 2.600000000000000089e-01 1.522487027134600442e-03 2.588013634066613222e-01 2.674268755932308114e-03
3.916400000000066939e+01 -4.006109120113571898e+00 2.208953947784927152e+00 1.563215963739491565e+00 2.600000000000000089e-01 1.503374688718609083e-03 2.610924000865503247e-01 1.975431595646423392e-03
3.945600000000194996e+01 -4.005477557306956093e+00 2.295434490077735923e+00 1.563476078408798431e+00 2.600000000000000089e-01 1.456124368673116388e-03 2.610189387626865587e-01 -8.384630778129922271e-05
3.975100000000020373e+01 -4.004986568889026266e+00 2.364814311360897037e+00 1.563740286767553167e+00 2.600000000000000089e-01 1.378696621003316263e-03 2.592404391977274902e-01 4.159631560537731905e-04
4.013600000000224099e+01 -4.004271522992898902e+00 2.468790424065150368e+00 1.564013185102593351e+00 2.600000000000000089e-01 1.371094202404650984e-03 2.592564046772036779e-01 3.789634429370716882e-04
4.042900000000008731e+01 -4.003752819733978896e+00 2.546880907934798710e+00 1.564168536070280613e+00 2.600000000000000089e-01 1.415278718884147588e-03 2.582616485623287494e-01 -3.405393965224461170e-03
4.071800000000075670e+01 -4.003242838413822113e+00 2.624867149520063503e+00 1.564319241705952157e+00 2.600000000000000089e-01 1.477113162098821078e-03 2.610431493524762447e-01 1.720837889578482943e-03
4.101300000000264845e+01 -4.002812758310274610e+00 2.693885413659887540e+00 1.564514684831540769e+00 2.600000000000000089e-01 1.487382744832461317e-03 2.601856503756108663e-01 1.919509798180762603e-04
4.131500000000232831e+01 -4.002336778529818062e+00 2.771910224281713298e+00 1.564744630859707497e+00 2.600000000000000089e-01 1.506934174055934517e-03 2.588798269283743014e-01 6.283066307539957171e-04
4.161400000000139698e+01 -4.001873630449885866e+00 2.850012418139976855e+00 1.564982890542670813e+00 2.600000000000000089e-01 1.538065501416084136e-03 2.595566489852677572e-01 1.046646134525738457e-03
4.191900000000168802e+01 -4.001428081265445691e+00 2.927925355193809587e+00 1.565099705912482264e+00 2.600000000000000089e-01 1.685418952771667494e-03 2.612494568100540704e-01 1.002960034393807253e-03
4.222300000000177533e+01 -4.001004787122153239e+00 3.005819298127101025e+00 1.565365768556056025e+00 2.600000000000000089e-01 1.732785687604134796e-03 2.602370057353338706e-01 3.877309079939791339e-04
4.252400000000125146e+01 -4.000552325200940729e+00 3.092650898987009178e+00 1.565673198105612007e+00 2.600000000000000089e-01 1.811557495308508499e-03 2.593530342210862427e-01 7.098812671925951862e-04
4.282400000000052387e+01 -4.000208041926669900e+00 3.161944791896595053e+00 1.565953214720691600e+00 2.600000000000000089e-01 1.879144817687281293e-03 2.593070678172263444e-01 7.948452724990863081e-04
4.312100000000282307e+01 -3.999840820776728201e+00 3.239864945255468864e+00 1.566170077167369223e+00 2.600000000000000089e-01 2.075162082828728438e-03 2.612421642892880924e-01 1.383494397107500398e-03
4.342300000000250293e+01 -3.999465860854784172e+00 3.326613451282086409e+00 1.566547538559449615e+00 2.600000000000000089e-01 2.243765547273521635e-03 2.607548042608708316e-01 6.850623273653515775e-04
4.372500000000218279e+01 -3.999156747519259980e+00 3.404584989672184037e+00 1.566947175871047815e+00 2.600000000000000089e-01 2.426164822565192794e-03 2.594025808654006893e-01 1.180684384189644711e-03
4.403300000000308501e+01 -3.998877077700641713e+00 3.482669107461594304e+00 1.567320549284397124e+00 2.600000000000000089e-01 2.734907976162492815e-03 2.589591040865442673e-01 3.481886218529075053e-03
4.433100000000194996e+01 -3.998626732147263940e+00 3.560684363942498987e+00 1.567835947486962533e+00 2.600000000000000089e-01 3.091098651001458926e-03 2.609052759753680006e-01 2.787977387689035899e-03
4.463600000000224099e+01 -3.998447519386355786e+00 3.629695692896027559e+00 1.568327183181487783e+00 2.600000000000000089e-01 3.555977834836143020e-03 2.603420562187371279e-01 1.757448452012460010e-03
4.495000000000072760e+01 -3.998270026082396456e+00 3.716522548455359676e+00 1.569052486075202646e+00 2.594758948124998854e-01 4.509379626125176871e-03 2.594539458145567745e-01 2.286304860336548384e-03
4.526100000000224099e+01 -3.998168657380874791e+00 3.794607514878412413e+00 1.569791115265010362e+00 1.971117014149437741e-01 6.176190088384799284e-03 2.590433839085889978e-01 5.054132619512797207e-03
4.556200000000171713e+01 -3.998130925217015630e+00 3.872507843082639845e+00 1.570888183413141848e+00 1.348566704368631131e-01 9.903284907786139707e-03 2.603397373294492056e-01 4.706099485759646095e-03
4.587100000000282307e+01 -3.998310878839877791e+00 3.946305793059841083e+00 1.575717239543854564e+00 7.584977625024255654e-02 1.948943371255335358e-02 1.975464850293856545e-01 5.418639709852022916e-03
4.618700000000171713e+01 -3.998587957003550297e+00 3.998484949771671904e+00 1.576930508087233118e+00 1.219708559729239424e-03 2.026860877150046120e-02 1.331571241513392068e-01 4.613005324519252499e-03
4.649600000000282307e+01 -3.998840938748849272e+00 4.026759947928710837e+00 1.583818368693902912e+00 7.666544686456185784e-07 -1.268145648285120108e+00 7.478770241422090514e-02 1.874185760382878971e-02
4.681200000000171713e+01 -3.998923188221438441e+00 4.032510069073774517e+00 1.589361583195023853e+00 7.705012874940074893e-07 -1.273692772994253319e+00 4.633688059645318480e-04 1.988571997709809303e-02
4.714700000000084401e+01 -3.998730407264680320e+00 4.035459878797282407e+00 1.367035251015850328e+00 5.989874763873052807e-07 -1.096788631926625568e+00 1.206763357162428038e-02 -1.264538636619933820e+00
4.745500000000174623e+01 -3.997330716898114922e+00 4.038904017112759703e+00 9.474163349916500110e-01 2.028789888879142340e-07 -7.617566905417595402e-01 1.034548182855573630e-02 -1.265610844078970398e+00
4.777300000000104774e+01 -3.995551589562799322e+00 4.040773619093478430e+00 6.494231335783817727e-01 -1.042027194708004963e-07 -5.238167256046497577e-01 1.039999696236689614e-02 -1.094848861482039970e+00
4.809300000000075670e+01 -3.992699430773067437e+00 4.042366919351120913e+00 3.294991038717199339e-01 -4.229290109848322886e-07 -2.681081512120305210e-01 6.074258202636995639e-03 -7.522219832093056668e-01
4.841200000000026193e+01 -3.991373123908508180e+00 4.042728355650166527e+00 1.632741795270205021e-01 -5.734961790391290078e-07 -1.352425036619399057e-01 3.650665950238193239e-03 -5.205229474091678243e-01
4.873800000000119326e+01 -3.990633072816697435e+00 4.042821553091132891e+00 5.273762051574501508e-02 -6.651083562679691664e-07 -4.685017278728053486e-02 1.700054805797610166e-03 -2.704064832013158282e-01
4.949400000000241562e+01 -3.989883550050528971e+00 4.042834937233443782e+00 -3.075360909807940690e-02 -2.258514574435201323e-04 1.996433843014766216e-02 3.466344572817719799e-04 -5.106022734951802533e-02
