-9.960586494152402492e-01 -4.806766155014196573e-01 -1.914264893073324592e+00 -9.960586494152402492e-01 -4.806766155014196573e-01 -1.578385576639021126e+00 0.000000000000000000e+00 0.000000000000000000e+00 3.358793164343034654e-01
-9.960582073996175900e-01 -4.806754597048599198e-01 -1.914234971932504692e+00 -9.960582073996175900e-01 -4.806754597048599198e-01 -1.578386410835821207e+00 0.000000000000000000e+00 0.000000000000000000e+00 3.358485610966834845e-01
-9.960340012558308587e-01 -4.805811830154945175e-01 -1.913644064702191949e+00 -9.960340012558308587e-01 -4.805811830154945175e-01 -1.578431632918565697e+00 0.000000000000000000e+00 0.000000000000000000e+00 3.352124317836262524e-01
-9.960231170015567681e-01 -4.807066301639407735e-01 -1.912270050845468639e+00 -9.960231170015567681e-01 -4.807066301639407735e-01 -1.578454435843725578e+00 0.000000000000000000e+00 0.000000000000000000e+00 3.338156150017430601e-01
-9.963364758522523790e-01 -4.816697616775821311e-01 -1.883588813972972398e+00 -9.963364758522523790e-01 -4.816697616775821311e-01 -1.577864143553568299e+00 0.000000000000000000e+00 0.000000000000000000e+00 3.057246704194040987e-01
-9.962719982257388640e-01 -4.814432578431828147e-01 -1.849306996773848244e+00 -9.962719982257388640e-01 -4.814432578431828147e-01 -1.577985390684434108e+00 0.000000000000000000e+00 0.000000000000000000e+00 2.713216060894141357e-01
-9.961789755227039578e-01 -4.810707531494501366e-01 -1.805606553368340528e+00 -9.961789755227039578e-01 -4.810707531494501366e-01 -1.578159479761614969e+00 0.000000000000000000e+00 0.000000000000000000e+00 2.274470736067255583e-01
-9.961117259206264674e-01 -4.807456697878625396e-01 -1.767689088173814760e+00 -9.961117259206264674e-01 -4.807456697878625396e-01 -1.578284374905251974e+00 0.000000000000000000e+00 0.000000000000000000e+00 1.894047132685627854e-01
-9.960766891719424754e-01 -4.805457899744836614e-01 -1.744434217514966967e+00 -9.960766891719424754e-01 -4.805457899744836614e-01 -1.578348939044996735e+00 0.000000000000000000e+00 0.000000000000000000e+00 1.660852784699702323e-01
-9.960429520869772402e-01 -4.803207910914605860e-01 -1.718222878067689807e+00 -9.960429520869772402e-01 -4.803207910914605860e-01 -1.578410584537770500e+00 0.000000000000000000e+00 0.000000000000000000e+00 1.398122935299193070e-01
-9.960246186861685391e-01 -4.801776655138321748e-01 -1.701510313190841783e+00 -9.960246186861685391e-01 -4.801776655138321748e-01 -1.578443754679747402e+00 0.000000000000000000e+00 0.000000000000000000e+00 1.230665585110943816e-01
-9.960024869913087775e-01 -4.799717145731665635e-01 -1.677422961220694120e+00 -9.960024869913087775e-01 -4.799717145731665635e-01 -1.578483282261890830e+00 0.000000000000000000e+00 0.000000000000000000e+00 9.893967895880328989e-02
-9.959900408254039883e-01 -4.798284114709951420e-01 -1.660623066787714430e+00 -9.959900408254039883e-01 -4.798284114709951420e-01 -1.578505090272284805e+00 0.000000000000000000e+00 0.000000000000000000e+00 8.211797651542962484e-02
-9.959837658590846576e-01 -4.797428693089019203e-01 -1.650510674646510356e+00 -9.959837658590846576e-01 -4.797428693089019203e-01 -1.578515883386818031e+00 0.000000000000000000e+00 0.000000000000000000e+00 7.199479125969232562e-02
-9.959766691724732945e-01 -4.796272297297671239e-01 -1.636682637194804668e+00 -9.959766691724732945e-01 -4.796272297297671239e-01 -1.578527804864437334e+00 0.000000000000000000e+00 0.000000000000000000e+00 5.815483233036733424e-02
-9.959745397098631603e-01 -4.795862623054482077e-01 -1.631751446626575008e+00 -9.959745397098631603e-01 -4.795862623054482077e-01 -1.578531287880010625e+00 0.000000000000000000e+00 0.000000000000000000e+00 5.322015874656438328e-02
-9.959706992791192981e-01 -4.794995158584949291e-01 -1.621191928459287279e+00 -9.959706992791192981e-01 -4.794995158584949291e-01 -1.578537376725833941e+00 0.000000000000000000e+00 0.000000000000000000e+00 4.265455173345333861e-02
-9.959686544774537520e-01 -4.794418155397859871e-01 -1.614054153333148500e+00 -9.959686544774537520e-01 -4.794418155397859871e-01 -1.578540446576507161e+00 0.000000000000000000e+00 0.000000000000000000e+00 3.551370675664133891e-02
-9.959676191766637654e-01 -4.794070431346292849e-01 -1.609667075408986125e+00 -9.959676191766637654e-01 -4.794070431346292849e-01 -1.578541917913718562e+00 0.000000000000000000e+00 0.000000000000000000e+00 3.112515749526756359e-02
-9.959664896316050564e-01 -4.793612840912621076e-01 -1.603716762476651736e+00 -9.959664896316050564e-01 -4.793612840912621076e-01 -1.578543406586375930e+00 0.000000000000000000e+00 0.000000000000000000e+00 2.517335589027580589e-02
-9.959661546833802337e-01 -4.793450942676054094e-01 -1.601572621361079474e+00 -9.959661546833802337e-01 -4.793450942676054094e-01 -1.578543808982055374e+00 0.000000000000000000e+00 0.000000000000000000e+00 2.302881237902409950e-02
-9.959655968326935893e-01 -4.793133939728729254e-01 -1.597197462157212700e+00 -9.959655968326935893e-01 -4.793133939728729254e-01 -1.578544408631742835e+00 0.000000000000000000e+00 0.000000000000000000e+00 1.865305352546986484e-02
-9.959652954056145147e-01 -4.792917744782765888e-01 -1.594118715392632168e+00 -9.959652954056145147e-01 -4.792917744782765888e-01 -1.578544665793177426e+00 0.000000000000000000e+00 0.000000000000000000e+00 1.557404959945474232e-02
-9.959651440628277674e-01 -4.792789271399494067e-01 -1.592190825433698942e+00 -9.959651440628277674e-01 -4.792789271399494067e-01 -1.578544765255548210e+00 0.000000000000000000e+00 0.000000000000000000e+00 1.364606017815073180e-02
-9.959649845024716175e-01 -4.792625788437693268e-01 -1.589541107059989855e+00 -9.959649845024716175e-01 -4.792625788437693268e-01 -1.578544828400769706e+00 0.000000000000000000e+00 0.000000000000000000e+00 1.099627865922014891e-02
-9.959649201227507298e-01 -4.792545582540102544e-01 -1.588153074539759624e+00 -1.000000000000000000e+00 -1.000000000000000000e+00 -1.578544832684610322e+00 -4.035079877249270197e-03 -5.207454417459898011e-01 9.608241855149302069e-03
-9.959648616049131542e-01 -4.792463114302738525e-01 -1.586578641412733415e+00 -1.000000000000000000e+00 -1.000000000000000000e+00 -1.578544822346363175e+00 -4.035138395086845797e-03 -5.207536885697261475e-01 8.033819066370240236e-03
-9.959865928269746593e-01 -4.824221054534947317e-01 -1.573088011100428396e+00 -1.000000000000000000e+00 -1.000000000000000000e+00 -1.578550380395632446e+00 -4.013407173025340668e-03 -5.175778945465052683e-01 -5.462369295204050346e-03
-9.959661329273179486e-01 -4.989732099173325719e-01 -1.571757544384871697e+00 -1.000000000000000000e+00 -1.000000000000000000e+00 -1.578847353197153636e+00 -4.033867072682051358e-03 -5.010267900826674836e-01 -7.089808812281939154e-03
-9.966724566482531023e-01 -5.320850789564968153e-01 -1.606644758702783671e+00 -1.000000000000000000e+00 -1.000000000000000000e+00 -1.577907635090142424e+00 -3.327543351746897748e-03 -4.679149210435031847e-01 2.873712361264124659e-02
-9.978281271644404704e-01 -5.656628519809592248e-01 -1.605069243506724419e+00 -1.000000000000000000e+00 -1.000000000000000000e+00 -1.575796715878993393e+00 -2.171872835559529591e-03 -4.343371480190407752e-01 2.927252762773102646e-02
-9.986982592802650105e-01 -5.916374841116737171e-01 -1.602240990297357115e+00 -1.000000000000000000e+00 -1.000000000000000000e+00 -1.573984024636661871e+00 -1.301740719734989504e-03 -4.083625158883262829e-01 2.825696566069524351e-02
-9.996901199020056250e-01 -6.261516053564146755e-01 -1.597360690541278938e+00 -1.000000000000000000e+00 -1.000000000000000000e+00 -1.571625219018229158e+00 -3.098800979943749923e-04 -3.738483946435853245e-01 2.573547152304977992e-02
-1.000542807533392864e+00 -6.609266014202801465e-01 -1.593271560643404916e+00 -1.000000000000000000e+00 -1.000000000000000000e+00 -1.569195472608233777e+00 5.428075333928639168e-04 -3.390733985797198535e-01 2.407608803517113927e-02
-1.001410837165616741e+00 -7.040392157402736162e-01 -1.588908843769170520e+00 -1.000000000000000000e+00 -1.000000000000000000e+00 -1.566029389571596209e+00 1.410837165616740663e-03 -2.959607842597263838e-01 2.287945419757431154e-02
-1.001978834008241392e+00 -7.382201159321895023e-01 -1.585854668185415761e+00 -1.000000000000000000e+00 -1.000000000000000000e+00 -1.563237318485791505e+00 1.978834008241392439e-03 -2.617798840678104977e-01 2.261734969962425623e-02
-1.002328934721002707e+00 -7.619044356990699596e-01 -1.586081863912965684e+00 -1.000000000000000000e+00 -1.000000000000000000e+00 -1.561015126308542555e+00 2.328934721002706709e-03 -2.380955643009300404e-01 2.506673760442312826e-02
-1.002750048589448939e+00 -7.946593709842779685e-01 -1.580914507544187941e+00 -1.000000000000000000e+00 -1.000000000000000000e+00 -1.557404509490871281e+00 2.750048589448939040e-03 -2.053406290157220315e-01 2.350999805331666082e-02
-1.002948203528892357e+00 -8.190460272980947254e-01 -1.576841236169082228e+00 -1.000000000000000000e+00 -1.000000000000000000e+00 -1.554505207777323372e+00 2.948203528892356928e-03 -1.809539727019052746e-01 2.233602839175885535e-02
-1.003044198013617105e+00 -8.358059558734806105e-01 -1.578198414979258279e+00 -1.000000000000000000e+00 -1.000000000000000000e+00 -1.552258204436193445e+00 3.044198013617105403e-03 -1.641940441265193895e-01 2.594021054306483443e-02
-1.003246585289697679e+00 -8.592218785138173720e-01 -1.578768664350742146e+00 -1.000000000000000000e+00 -1.000000000000000000e+00 -1.547738696238879941e+00 3.246585289697678789e-03 -1.407781214861826280e-01 3.102996811186220505e-02
-1.003330989375734505e+00 -8.717205992060875763e-01 -1.576071939273022915e+00 -1.000000000000000000e+00 -1.000000000000000000e+00 -1.544835486645699696e+00 3.330989375734505487e-03 -1.282794007939124237e-01 3.123645262732321903e-02
-1.003373716310359098e+00 -8.902532652096787347e-01 -1.569029814676022871e+00 -1.000000000000000000e+00 -1.000000000000000000e+00 -1.540065078223401329e+00 3.373716310359098358e-03 -1.097467347903212653e-01 2.896473645262154228e-02
-1.003299865937881341e+00 -9.062707429714417229e-01 -1.563706043789010902e+00 -1.000000000000000000e+00 -1.000000000000000000e+00 -1.535604502231885160e+00 3.299865937881341083e-03 -9.372925702855827712e-02 2.810154155712574209e-02
-1.003224101121336087e+00 -9.148698185470803823e-01 -1.559125496358385821e+00 -1.000000000000000000e+00 -1.000000000000000000e+00 -1.532941820758935814e+00 3.224101121336087061e-03 -8.513018145291961769e-02 2.618367559945000700e-02
-1.003031042692043906e+00 -9.283791830264134237e-01 -1.553543062102244132e+00 -1.000000000000000000e+00 -1.000000000000000000e+00 -1.528500871533322814e+00 3.031042692043905973e-03 -7.162081697358657628e-02 2.504219056892131867e-02
-1.002871410502685245e+00 -9.368411025088709820e-01 -1.550185073943921799e+00 -1.000000000000000000e+00 -1.000000000000000000e+00 -1.525364333028184527e+00 2.871410502685245447e-03 -6.315889749112901796e-02 2.482074091573727159e-02
-1.002717964263019512e+00 -9.439622046670743671e-01 -1.548045068316030504e+00 -1.000000000000000000e+00 -1.000000000000000000e+00 -1.522331965662533593e+00 2.717964263019512217e-03 -5.603779533292563286e-02 2.571310265349691093e-02
-1.002527319225190450e+00 -9.516547828201045167e-01 -1.543988331632384581e+00 -1.000000000000000000e+00 -1.000000000000000000e+00 -1.518567359948011397e+00 2.527319225190449714e-03 -4.834521717989548328e-02 2.542097168437318366e-02
-1.002369435543870591e+00 -9.573027967289278184e-01 -1.541229140722764290e+00 -1.000000000000000000e+00 -1.000000000000000000e+00 -1.515359259230104616e+00 2.369435543870590521e-03 -4.269720327107218161e-02 2.586988149265967429e-02
-1.002222099263997412e+00 -9.620599952341810646e-01 -1.537936967086475759e+00 -1.000000000000000000e+00 -1.000000000000000000e+00 -1.512294392708319890e+00 2.222099263997412422e-03 -3.794000476581893544e-02 2.564257437815586904e-02
-1.002039012126523687e+00 -9.672890676336689531e-01 -1.533325082350151636e+00 -1.000000000000000000e+00 -1.000000000000000000e+00 -1.508542602526997678e+00 2.039012126523687130e-03 -3.271093236633104695e-02 2.478247982315395781e-02
-1.001850088961942165e+00 -9.720505987933885095e-01 -1.528623152943932251e+00 -1.000000000000000000e+00 -1.000000000000000000e+00 -1.504698528599230478e+00 1.850088961942164545e-03 -2.794940120661149052e-02 2.392462434470177257e-02
-1.001704935905496585e+00 -9.753630366289601783e-01 -1.524958635043230037e+00 -1.000000000000000000e+00 -1.000000000000000000e+00 -1.501704123882040998e+00 1.704935905496585136e-03 -2.463696337103982170e-02 2.325451116118903983e-02
-1.001543294331207479e+00 -9.787464310664366618e-01 -1.520487283497777176e+00 -1.000000000000000000e+00 -1.000000000000000000e+00 -1.498310127521349733e+00 1.543294331207478720e-03 -2.125356893356333821e-02 2.217715597642744285e-02
-1.001386444091839856e+00 -9.817519747959346788e-01 -1.516124825229858919e+00 -1.000000000000000000e+00 -1.000000000000000000e+00 -1.498310127521349733e+00 1.386444091839855730e-03 -1.824802520406532125e-02 1.781469770850918621e-02
-1.001245121568614893e+00 -9.842628373004933540e-01 -1.512004183875683250e+00 -1.001245121568614893e+00 -9.842628373004933540e-01 -7.863523643051468712e-03 0.000000000000000000e+00 0.000000000000000000e+00 1.504140660232631710e+00
-1.001141125100774465e+00 -9.859971237779364683e-01 -1.509348600181259048e+00 -1.001141125100774465e+00 -9.859971237779364683e-01 -6.997331425746823076e-03 0.000000000000000000e+00 0.000000000000000000e+00 1.502351268755512281e+00
-1.001061153018341088e+00 -9.874367514378527000e-01 -1.475837548580650749e+00 -1.001061153018341088e+00 -9.874367514378527000e-01 -6.278210677732002677e-03 0.000000000000000000e+00 0.000000000000000000e+00 1.469559337902918816e+00
-1.001357182158309378e+00 -9.852748659496465278e-01 -1.368638580017774720e+00 -1.001357182158309378e+00 -9.852748659496465278e-01 -7.357441480518458511e-03 0.000000000000000000e+00 0.000000000000000000e+00 1.361281138537256297e+00
-1.001513007511527942e+00 -9.851358985259921486e-01 -1.137341544730486653e+00 -1.001513007511527942e+00 -9.851358985259921486e-01 -7.426296090065094037e-03 0.000000000000000000e+00 0.000000000000000000e+00 1.129915248640421588e+00
-1.002239074106740846e+00 -9.839012277540439833e-01 -9.451569678016603637e-01 -1.002239074106740846e+00 -9.839012277540439833e-01 -8.040211356847850113e-03 0.000000000000000000e+00 0.000000000000000000e+00 9.371167564448125153e-01
-1.003576838813494909e+00 -9.824507461241257511e-01 -7.063403529587498619e-01 -1.003576838813494909e+00 -9.824507461241257511e-01 -8.758738256028389749e-03 0.000000000000000000e+00 0.000000000000000000e+00 6.975816147027215086e-01
-1.004608159408497237e+00 -9.816788779479020954e-01 -6.074430169838029858e-01 -1.004608159408497237e+00 -9.816788779479020954e-01 -9.139248419914595273e-03 0.000000000000000000e+00 0.000000000000000000e+00 5.983037685638883385e-01
-1.006053641208440208e+00 -9.808353676850064540e-01 -4.605588217406659801e-01 -1.006053641208440208e+00 -9.808353676850064540e-01 -9.553109108134399605e-03 0.000000000000000000e+00 0.000000000000000000e+00 4.510057126325315857e-01
-1.006818849383987358e+00 -9.805119856369672870e-01 -3.631525557646038682e-01 -1.006818849383987358e+00 -9.805119856369672870e-01 -9.710593370368954258e-03 0.000000000000000000e+00 0.000000000000000000e+00 3.534419623942349209e-01
-1.006969491293717489e+00 -9.804646098564298029e-01 -3.030254723795907101e-01 -1.006969491293717489e+00 -9.804646098564298029e-01 -9.733467944680777167e-03 0.000000000000000000e+00 0.000000000000000000e+00 2.932920044349099364e-01
-1.007281265451462904e+00 -9.803795227184236571e-01 -2.552554711669229315e-01 -1.007281265451462904e+00 -9.803795227184236571e-01 -9.774341435452079535e-03 0.000000000000000000e+00 0.000000000000000000e+00 2.454811297314708485e-01
-1.007692911393657687e+00 -9.802883077194882722e-01 -2.058789358704667116e-01 -1.007692911393657687e+00 -9.802883077194882722e-01 -9.817765873251277711e-03 0.000000000000000000e+00 0.000000000000000000e+00 1.960611699972154287e-01
-1.008204195484355692e+00 -9.801967807736137184e-01 -1.649582492059306904e-01 -1.008204195484355692e+00 -9.801967807736137184e-01 -9.860838556112647493e-03 0.000000000000000000e+00 0.000000000000000000e+00 1.550974106498180516e-01
-1.008572580164917243e+00 -9.801468082861987119e-01 -1.252256626684510321e-01 -1.008572580164917243e+00 -9.801468082861987119e-01 -9.883907312483380253e-03 0.000000000000000000e+00 0.000000000000000000e+00 1.153417553559676484e-01
-1.008726265889507756e+00 -9.801301561113827665e-01 -1.096984235462972884e-01 -1.008726265889507756e+00 -9.801301561113827665e-01 -9.891440260447442734e-03 0.000000000000000000e+00 0.000000000000000000e+00 9.980698328584984569e-02
-1.008969369200643396e+00 -9.801084304935216984e-01 -8.676013404985545574e-02 -1.008969369200643396e+00 -9.801084304935216984e-01 -9.901056636737919428e-03 0.000000000000000000e+00 0.000000000000000000e+00 7.685907741311753805e-02
-1.009150154457809201e+00 -9.800957378198460468e-01 -7.059368813021701938e-02 -1.009150154457809201e+00 -9.800957378198460468e-01 -9.906482602906017954e-03 0.000000000000000000e+00 0.000000000000000000e+00 6.068720552731100143e-02
-1.009302037574550726e+00 -9.800871694159813963e-01 -5.812256876448618909e-02 -1.009302037574550726e+00 -9.800871694159813963e-01 -9.909997770665869912e-03 0.000000000000000000e+00 0.000000000000000000e+00 4.821257099382032091e-02
-1.009404580401905616e+00 -9.800823688461051120e-01 -5.031433034984511554e-02 -1.009404580401905616e+00 -9.800823688461051120e-01 -9.911880898505929030e-03 0.000000000000000000e+00 0.000000000000000000e+00 4.040244945133918825e-02
-1.009540395454398221e+00 -9.800771336552395185e-01 -4.073273061065244005e-02 -1.009540395454398221e+00 -9.800771336552395185e-01 -9.913815958894794597e-03 0.000000000000000000e+00 0.000000000000000000e+00 3.081891465175764372e-02
-1.009641480009014103e+00 -9.800740060918607943e-01 -3.413203678898309168e-02 -1.009641480009014103e+00 -9.800740060918607943e-01 -9.914873454965247163e-03 0.000000000000000000e+00 0.000000000000000000e+00 2.421716333401784452e-02
-1.009727845834610171e+00 -9.800717728811627616e-01 -2.918672175617604073e-02 -1.009727845834610171e+00 -9.800717728811627616e-01 -9.915558493514201391e-03 0.000000000000000000e+00 0.000000000000000000e+00 1.927116326266183760e-02
-1.009789217020991448e+00 -9.800703953336987739e-01 -2.607575981003878648e-02 -1.009789217020991448e+00 -9.800703953336987739e-01 -9.915941082055380884e-03 0.000000000000000000e+00 0.000000000000000000e+00 1.615981872798340560e-02
-1.009875202040559694e+00 -9.800687395715873551e-01 -2.209977716294987682e-02 -1.009875202040559694e+00 -9.800687395715873551e-01 -9.916340625673465345e-03 0.000000000000000000e+00 0.000000000000000000e+00 1.218343653727641147e-02
-1.009954334623435868e+00 -9.800674678814225160e-01 -1.886381053025663543e-02 1.000000000000000000e+00 -1.000000000000000000e+00 -9.916582875412128378e-03 2.009954334623436090e+00 -1.993253211857748397e-02 8.947227654844507050e-03
-1.010013439978516558e+00 -9.800666255093425372e-01 -1.690566975363897925e-02 1.000000000000000000e+00 -1.000000000000000000e+00 -9.916710339493945564e-03 2.010013439978516558e+00 -1.993337449065746281e-02 6.988959414145033688e-03
-1.006135437218504292e+00 -9.800820219000186961e-01 2.017436766400008616e-03 1.000000000000000000e+00 -1.000000000000000000e+00 -9.928204892234308507e-03 2.006135437218504514e+00 -1.991797809998130386e-02 -1.194564165863431712e-02
-9.837038481978449544e-01 -9.795078565029826656e-01 4.151273293623743837e-02 1.000000000000000000e+00 -1.000000000000000000e+00 -1.032987591869038470e-02 1.983703848197845065e+00 -2.049214349701733440e-02 -5.184260885492782134e-02
-9.351560660863010854e-01 -9.774340357503711330e-01 3.918045904803751228e-02 1.000000000000000000e+00 -1.000000000000000000e+00 -1.166052799915557985e-02 1.935156066086300974e+00 -2.256596424962886704e-02 -5.084098704719309386e-02
-8.830963013086906566e-01 -9.756841096315453932e-01 2.641496874888402124e-02 1.000000000000000000e+00 -1.000000000000000000e+00 -1.291199978650910477e-02 1.883096301308690546e+00 -2.431589036845460683e-02 -3.932696853539312254e-02
-8.395966112576356277e-01 -9.747531759507491733e-01 1.694022913198055258e-02 1.000000000000000000e+00 -1.000000000000000000e+00 -1.372324725122597323e-02 1.839596611257635628e+00 -2.524682404925082668e-02 -3.066347638320652408e-02
-7.875841797802694000e-01 -9.740740654783290875e-01 9.532095741335977826e-03 1.000000000000000000e+00 -1.000000000000000000e+00 -1.450231951711719244e-02 1.787584179780269400e+00 -2.592593452167091250e-02 -2.403441525845317200e-02
-7.443493220701029589e-01 -9.737703197159375268e-01 4.691471862644071636e-03 1.000000000000000000e+00 -1.000000000000000000e+00 -1.503580922270064853e-02 1.744349322070102959e+00 -2.622968028406247321e-02 -1.972728108534472016e-02
-7.009681162635609253e-01 -9.736456598178455657e-01 1.100966293995026121e-03 1.000000000000000000e+00 -1.000000000000000000e+00 -1.549249006945685285e-02 1.700968116263561036e+00 -2.635434018215443430e-02 -1.659345636345187919e-02
-6.489030163250529837e-01 -9.736878561090178685e-01 -2.666378265352307899e-03 1.000000000000000000e+00 -1.000000000000000000e+00 -1.595600870360661463e-02 1.648903016325053095e+00 -2.631214389098213147e-02 -1.328963043825430630e-02
-6.143489165558351228e-01 -9.738150437836718964e-01 -4.678490713101841891e-03 1.000000000000000000e+00 -1.000000000000000000e+00 -1.621871204719331494e-02 1.614348916555835123e+00 -2.618495621632810355e-02 -1.154022133409147305e-02
-5.623209084464916296e-01 -9.741300093320883757e-01 -7.288443389908290902e-03 1.000000000000000000e+00 -1.000000000000000000e+00 -1.655717879959515623e-02 1.562320908446491519e+00 -2.586999066791162427e-02 -9.268735409686864463e-03
-5.188929040366239143e-01 -9.744906456671595940e-01 -9.302998689509494462e-03 1.000000000000000000e+00 -1.000000000000000000e+00 -1.679312363901371008e-02 1.518892904036623914e+00 -2.550935433284040599e-02 -7.490124949504215618e-03
-4.668899969091196978e-01 -9.750254009225083340e-01 -1.114780946047561234e-02 1.000000000000000000e+00 -1.000000000000000000e+00 -1.702389847092048922e-02 1.466889996909119809e+00 -2.497459907749166597e-02 -5.876089010444876873e-03
-4.234745542172149158e-01 -9.755389846943640642e-01 -1.257091750050584426e-02 1.000000000000000000e+00 -1.000000000000000000e+00 -1.718232894116829279e-02 1.423474554217214916e+00 -2.446101530563593585e-02 -4.611411440662448527e-03
-3.714931882154537401e-01 -9.762242141874030166e-01 -1.371188831190453886e-02 1.000000000000000000e+00 -1.000000000000000000e+00 -1.733395739533357890e-02 1.371493188215453740e+00 -2.377578581259698343e-02 -3.622069083429040048e-03
-3.194959509447243828e-01 -9.769631194238193039e-01 -1.480509494651811690e-02 1.000000000000000000e+00 -1.000000000000000000e+00 -1.745707544838838790e-02 1.319495950944724383e+00 -2.303688057618069607e-02 -2.651980501870270998e-03
-2.763622186638597933e-01 -9.776142872651633065e-01 -1.535524566999823919e-02 1.000000000000000000e+00 -1.000000000000000000e+00 -1.753688530492349129e-02 1.276362218663859682e+00 -2.238571273483669355e-02 -2.181639634925252105e-03
-2.243592290056154737e-01 -9.784266241071453152e-01 -1.607468755092619772e-02 1.000000000000000000e+00 -1.000000000000000000e+00 -1.761831264453440210e-02 1.224359229005615557e+00 -2.157337589285468482e-02 -1.543625093608204379e-03
-1.723941359848760180e-01 -9.792718382089180551e-01 -1.645245905877239234e-02 1.000000000000000000e+00 -1.000000000000000000e+00 -1.767835726775725258e-02 1.172394135984875962e+00 -2.072816179108194490e-02 -1.225898208984860238e-03
-1.375303884682901878e-01 -9.798492459660496090e-01 -1.666297821102609433e-02 1.000000000000000000e+00 -1.000000000000000000e+00 -1.771262275574361084e-02 1.137530388468290132e+00 -2.015075403395039100e-02 -1.049644544717516503e-03
-8.558651183876242463e-02 -9.807283948173843857e-01 -1.708926507804486850e-02 1.000000000000000000e+00 -1.000000000000000000e+00 -1.775038739112620723e-02 1.085586511838762425e+00 -1.927160518261561428e-02 -6.611223130813387305e-04
-3.356749112118535133e-02 -9.816226370768276199e-01 -1.730204134598339188e-02 1.000000000000000000e+00 -1.000000000000000000e+00 -1.777864222756096388e-02 1.033567491121185400e+00 -1.837736292317238007e-02 -4.766008815775719942e-04
1.837503514305026397e-02 -9.825327574512792150e-01 -1.762600721521013006e-02 1.000000000000000000e+00 -1.000000000000000000e+00 -1.779233408890306539e-02 9.816249648569497221e-01 -1.746724254872078497e-02 -1.663268736929353342e-04
7.897143945535221865e-02 -9.836037447194190264e-01 -1.778240737770625871e-02 1.000000000000000000e+00 -1.000000000000000000e+00 -1.780023360587064396e-02 9.210285605446477675e-01 -1.639625528058097359e-02 -1.782622816438525493e-05
1.309111276130980051e-01 -9.845342182570064882e-01 -1.792698825676864241e-02 1.000000000000000000e+00 -1.000000000000000000e+00 -1.779351916277686213e-02 8.690888723869020227e-01 -1.546578174299351183e-02 1.334690939917802799e-04
1.829296218028651222e-01 -9.854665537512605766e-01 -1.798377419036992220e-02 1.000000000000000000e+00 -1.000000000000000000e+00 -1.778538813481960953e-02 8.170703781971349056e-01 -1.453344624873942337e-02 1.983860555503126621e-04
2.348687982413540098e-01 -9.864058179461266951e-01 -1.807096344611185817e-02 1.000000000000000000e+00 -1.000000000000000000e+00 -1.776525629194213377e-02 7.651312017586460179e-01 -1.359418205387330492e-02 3.057071541697244099e-04
2.868862978047398982e-01 -9.873446085445807263e-01 -1.809539958982420843e-02 1.000000000000000000e+00 -1.000000000000000000e+00 -1.774480435137696863e-02 7.131137021952600463e-01 -1.265539145541927368e-02 3.505952384472398042e-04
3.388259734959097047e-01 -9.882884009831042205e-01 -1.814007671411481740e-02 1.000000000000000000e+00 -1.000000000000000000e+00 -1.771148576888947543e-02 6.611740265040902953e-01 -1.171159901689577953e-02 4.285909452253419682e-04
3.908425147373082442e-01 -9.892299944868838679e-01 -1.814142303567718023e-02 1.000000000000000000e+00 -1.000000000000000000e+00 -1.767832422911390020e-02 6.091574852626917558e-01 -1.077000551311613208e-02 4.630988065632800355e-04
4.342051531771932149e-01 -9.900196290647047537e-01 -1.818211111628193974e-02 1.000000000000000000e+00 -1.000000000000000000e+00 -1.763772865805885923e-02 5.657948468228067851e-01 -9.980370935295246326e-03 5.443824582230805120e-04
4.947972858011047692e-01 -9.911176780173649448e-01 -1.814865583359187573e-02 1.000000000000000000e+00 -1.000000000000000000e+00 -1.757988759702976134e-02 5.052027141988952863e-01 -8.882321982635055235e-03 5.687682365621143932e-04
5.553170166541689934e-01 -9.922179427692513487e-01 -1.810864106663855749e-02 1.000000000000000000e+00 -1.000000000000000000e+00 -1.749844997073498817e-02 4.446829833458310066e-01 -7.782057230748651300e-03 6.101910959035693194e-04
6.073095949570054275e-01 -9.931574200877809622e-01 -1.818972004825374425e-02 1.000000000000000000e+00 -1.000000000000000000e+00 -1.742310843797425721e-02 3.926904050429945725e-01 -6.842579912219037830e-03 7.666116102794870435e-04
6.592727832067371008e-01 -9.940992778844010003e-01 -1.804340970446030590e-02 1.000000000000000000e+00 -1.000000000000000000e+00 -1.731629299909782232e-02 3.407272167932628992e-01 -5.900722115598999729e-03 7.271167053624835730e-04
7.112649605107359552e-01 -9.950343444353720868e-01 -1.806990689174842526e-02 1.000000000000000000e+00 -1.000000000000000000e+00 -1.719627135036350118e-02 2.887350394892640448e-01 -4.965655564627913243e-03 8.736355413849240803e-04
7.599537318923044182e-01 -9.959385038204695562e-01 -1.866451904762354841e-02 1.000000000000000000e+00 -1.000000000000000000e+00 -1.691802464140334389e-02 2.400462681076955818e-01 -4.061496179530443840e-03 1.746494406220204521e-03
8.011752703009835663e-01 -9.966680098233793306e-01 -1.686990997164144676e-02 1.000000000000000000e+00 -1.000000000000000000e+00 -1.675686072857821007e-02 1.988247296990164337e-01 -3.331990176620669430e-03 1.130492430632366874e-04
8.365659752507158542e-01 -9.973592718033155169e-01 -2.430514249639469104e-02 1.000000000000000000e+00 -1.000000000000000000e+00 -1.615635684707754718e-02 1.634340247492841458e-01 -2.640728196684483109e-03 8.148785649317143859e-03
8.592988488433076499e-01 -9.979187727248182149e-01 -2.478922140523137294e-02 1.000000000000000000e+00 -1.000000000000000000e+00 -1.479074967342616787e-02 1.407011511566923501e-01 -2.081227275181785075e-03 9.998471731805205071e-03
8.888556195570572749e-01 -9.986251838696681427e-01 -2.214420312386663689e-02 1.000000000000000000e+00 -1.000000000000000000e+00 -1.236901057874266116e-02 1.111443804429427251e-01 -1.374816130331857345e-03 9.775192545123975729e-03
9.085052209779411747e-01 -9.990373657271652830e-01 -1.982709599729923916e-02 1.000000000000000000e+00 -1.000000000000000000e+00 -1.052080529312947495e-02 9.149477902205882529e-02 -9.626342728347170308e-04 9.306290704169764214e-03
9.222411692845217113e-01 -9.992783126782619485e-01 -1.387697347165928879e-02 1.000000000000000000e+00 -1.000000000000000000e+00 -9.280831442730393815e-03 7.775883071547828873e-02 -7.216873217380515015e-04 4.596142028928894979e-03
9.344827455820076123e-01 -9.994448579157089174e-01 -1.324937106866635496e-02 1.000000000000000000e+00 -1.000000000000000000e+00 -8.473016829475852468e-03 6.551725441799238769e-02 -5.551420842910825826e-04 4.776354239190502490e-03
9.470929824320247770e-01 -9.996046297864052965e-01 -1.229721616125601866e-02 1.000000000000000000e+00 -1.000000000000000000e+00 -7.472786640581189146e-03 5.290701756797522304e-02 -3.953702135947034790e-04 4.824429520674829511e-03
9.563682759424354529e-01 -9.997159090798874992e-01 -1.148617572395843611e-02 1.000000000000000000e+00 -1.000000000000000000e+00 -6.511017194848795972e-03 4.363172405756454708e-02 -2.840909201125008110e-04 4.975158529109640140e-03
9.644257320844826786e-01 -9.997929748130527372e-01 -7.182829988006770097e-03 1.000000000000000000e+00 -1.000000000000000000e+00 -5.819454960856400468e-03 3.557426791551732137e-02 -2.070251869472627959e-04 1.363375027150369630e-03
9.711899364440048643e-01 -9.998373182113500235e-01 -5.864024787130097012e-03 1.000000000000000000e+00 -1.000000000000000000e+00 -5.646640081808771208e-03 2.881006355599513569e-02 -1.626817886499765109e-04 2.173847053213258038e-04
9.767490028300841454e-01 -9.998679409275325058e-01 -5.442340833999070697e-03 1.000000000000000000e+00 -1.000000000000000000e+00 -5.679655435455202746e-03 2.325099716991585463e-02 -1.320590724674941541e-04 -2.373146014561320488e-04
9.804666584589243339e-01 -9.998880487896414371e-01 -5.425729688955494880e-03 1.000000000000000000e+00 -1.000000000000000000e+00 -5.679655435455202746e-03 1.953334154107566611e-02 -1.119512103585629248e-04 -2.539257464997078662e-04
9.840534391467621322e-01 -9.999073859143270404e-01 -5.415106325449807120e-03 9.840534391467621322e-01 -9.999073859143270404e-01 1.562822846111488806e+00 0.000000000000000000e+00 0.000000000000000000e+00 1.568237952436938532e+00
9.871718699330245261e-01 -9.999241711107547115e-01 -5.385293750845729539e-03 9.871718699330245261e-01 -9.999241711107547115e-01 1.564382106533012795e+00 0.000000000000000000e+00 0.000000000000000000e+00 1.569767400283858416e+00
9.898674951125516763e-01 -9.999170790265060615e-01 5.025889012522648247e-02 9.898674951125516763e-01 -9.999170790265060615e-01 1.565729907642916752e+00 0.000000000000000000e+00 0.000000000000000000e+00 1.515471017517690200e+00
9.861005304797607618e-01 -1.000768743287807627e+00 3.667498500992352195e-01 9.861005304797607618e-01 -1.000768743287807627e+00 1.563849374045205076e+00 0.000000000000000000e+00 0.000000000000000000e+00 1.197099523945969857e+00
9.836647358075173431e-01 -1.002208028547413532e+00 6.817440104082319596e-01 9.836647358075173431e-01 -1.002208028547413532e+00 1.562637882951005697e+00 0.000000000000000000e+00 0.000000000000000000e+00 8.808938725427737371e-01
9.825611415672019788e-01 -1.003430534718431355e+00 9.886120026479362499e-01 9.825611415672019788e-01 -1.003430534718431355e+00 1.562092047952638341e+00 0.000000000000000000e+00 0.000000000000000000e+00 5.734800453047020907e-01
9.812693784817668741e-01 -1.006046477356238311e+00 1.201766487799042382e+00 9.812693784817668741e-01 -1.006046477356238311e+00 1.561459515589706859e+00 0.000000000000000000e+00 0.000000000000000000e+00 3.596930277906644768e-01
9.809285741856090812e-01 -1.007119498989994533e+00 1.308786936523484989e+00 9.809285741856090812e-01 -1.007119498989994533e+00 1.561294724177372473e+00 0.000000000000000000e+00 0.000000000000000000e+00 2.525077876538874833e-01
9.807983971653807531e-01 -1.007726263218947427e+00 1.385177146886199084e+00 9.807983971653807531e-01 -1.007726263218947427e+00 1.561232763385494993e+00 0.000000000000000000e+00 0.000000000000000000e+00 1.760556164992959083e-01
9.807445277518694882e-01 -1.008084755896934137e+00 1.431482418798879941e+00 9.807445277518694882e-01 -1.008084755896934137e+00 1.561207646808127292e+00 0.000000000000000000e+00 0.000000000000000000e+00 1.297252280092473509e-01
9.807066869169087653e-01 -1.008456982946801084e+00 1.479925929459970924e+00 9.807066869169087653e-01 -1.008456982946801084e+00 1.561190584753394894e+00 0.000000000000000000e+00 0.000000000000000000e+00 8.126465529342397076e-02
9.806945496227928993e-01 -1.008643992752159768e+00 1.503685180281040479e+00 9.806945496227928993e-01 -1.008643992752159768e+00 1.561185437043639324e+00 0.000000000000000000e+00 0.000000000000000000e+00 5.750025676259884477e-02
9.806904334937679435e-01 -1.008743989363534155e+00 1.521869568054801558e+00 9.806904334937679435e-01 -1.008743989363534155e+00 1.561183866534119558e+00 0.000000000000000000e+00 0.000000000000000000e+00 3.931429847931799948e-02
9.806813372669332951e-01 -1.008996268637849525e+00 1.534546752672141467e+00 9.806813372669332951e-01 -1.008996268637849525e+00 1.561180546213845721e+00 0.000000000000000000e+00 0.000000000000000000e+00 2.663379354170425373e-02
9.806667910355424400e-01 -1.009443821988941226e+00 1.539811375097089652e+00 9.806667910355424400e-01 -1.009443821988941226e+00 1.561175449491916556e+00 0.000000000000000000e+00 0.000000000000000000e+00 2.136407439482690407e-02
9.806494086654676812e-01 -1.010018463211530548e+00 1.541265244929644007e+00 9.806494086654676812e-01 -1.010018463211530548e+00 1.561169552755550471e+00 0.000000000000000000e+00 0.000000000000000000e+00 1.990430782590646430e-02
9.806359960680427479e-01 -1.010477118122372397e+00 1.542852531475260358e+00 9.806359960680427479e-01 -1.010477118122372397e+00 1.561165078066638623e+00 0.000000000000000000e+00 0.000000000000000000e+00 1.831254659137826479e-02
9.806335663117966561e-01 -1.010575678515877485e+00 1.546417918071720132e+00 9.806335663117966561e-01 -1.010575678515877485e+00 1.561164341794978316e+00 0.000000000000000000e+00 0.000000000000000000e+00 1.474642372325818407e-02
9.806325701301844555e-01 -1.010630047468596970e+00 1.550764122721798532e+00 9.806325701301844555e-01 -1.010630047468596970e+00 1.561164106823534459e+00 0.000000000000000000e+00 0.000000000000000000e+00 1.039998410173592625e-02
9.806318694995248553e-01 -1.010676806774065906e+00 1.554031067123321286e+00 1.000000000000000000e+00 1.000000000000000000e+00 1.561163982389016658e+00 1.936813050047514473e-02 2.010676806774065906e+00 7.132915265695372042e-03
9.806313819075651583e-01 -1.010715236514607041e+00 1.556329477118249649e+00 1.000000000000000000e+00 1.000000000000000000e+00 1.561163924001275349e+00 1.936861809243484167e-02 2.010715236514607263e+00 4.834446883025700359e-03
9.807436660234444270e-01 -1.005555217629917619e+00 1.539202913924174743e+00 1.000000000000000000e+00 1.000000000000000000e+00 1.561195124045236859e+00 1.925633397655557300e-02 2.005555217629917841e+00 2.199221012106211681e-02
9.830238904285455437e-01 -9.658433452450236878e-01 1.510332246878728135e+00 1.000000000000000000e+00 1.000000000000000000e+00 1.562161006158629517e+00 1.697610957145445632e-02 1.965843345245023688e+00 5.182875927990138187e-02
9.861221399939726906e-01 -9.068651165542610526e-01 1.521916777505286866e+00 1.000000000000000000e+00 1.000000000000000000e+00 1.563518614873562251e+00 1.387786000602730940e-02 1.906865116554261164e+00 4.160183736827538503e-02
9.886807530785233222e-01 -8.461710422311979896e-01 1.536660672237011305e+00 1.000000000000000000e+00 1.000000000000000000e+00 1.564665201980660170e+00 1.131924692147667777e-02 1.846171042231198101e+00 2.800452974364886494e-02
9.903721213183338534e-01 -7.857313720314113015e-01 1.547544604551168934e+00 1.000000000000000000e+00 1.000000000000000000e+00 1.565404818562810885e+00 9.627878681666146576e-03 1.785731372031411190e+00 1.786021401164195055e-02
9.915707111951621577e-01 -7.252240367204401128e-01 1.553675431275810315e+00 1.000000000000000000e+00 1.000000000000000000e+00 1.565910456002809203e+00 8.429288804837842264e-03 1.725224036720440113e+00 1.223502472699888877e-02
9.924874463810896552e-01 -6.644005001468232807e-01 1.557386954576402083e+00 1.000000000000000000e+00 1.000000000000000000e+00 1.566282688039927429e+00 7.512553618910344788e-03 1.664400500146823170e+00 8.895733463525345996e-03
9.933102068139244567e-01 -5.953132128084299701e-01 1.560185754895474952e+00 1.000000000000000000e+00 1.000000000000000000e+00 1.566602947137381241e+00 6.689793186075543296e-03 1.595313212808429970e+00 6.417192241906288785e-03
9.938947363099986942e-01 -5.344913697799005270e-01 1.561967037423165117e+00 1.000000000000000000e+00 1.000000000000000000e+00 1.566817658947573966e+00 6.105263690001305754e-03 1.534491369779900527e+00 4.850621524408849083e-03
9.945105574016340766e-01 -4.565017841205726845e-01 1.563712873112099278e+00 1.000000000000000000e+00 1.000000000000000000e+00 1.567027421966676881e+00 5.489442598365923409e-03 1.456501784120572740e+00 3.314548854577603620e-03
9.949113021475641805e-01 -3.959859462860761958e-01 1.564600534564072110e+00 1.000000000000000000e+00 1.000000000000000000e+00 1.567151107208661021e+00 5.088697852435819513e-03 1.395985946286076196e+00 2.550572644588910975e-03
9.952630935070297946e-01 -3.353893963502445064e-01 1.565281866118308551e+00 1.000000000000000000e+00 1.000000000000000000e+00 1.567249131768203574e+00 4.736906492970205385e-03 1.335389396350244562e+00 1.967265649895022506e-03
9.956740338905257781e-01 -2.574235854425239722e-01 1.565832853493146937e+00 1.000000000000000000e+00 1.000000000000000000e+00 1.567355999213661644e+00 4.325966109474221888e-03 1.257423585442523972e+00 1.523145720514706980e-03
9.959666911812664614e-01 -1.966313313701803511e-01 1.566104380388431361e+00 1.000000000000000000e+00 1.000000000000000000e+00 1.567425786980780611e+00 4.033308818733538637e-03 1.196631331370180407e+00 1.321406592349250175e-03
9.962419119729966077e-01 -1.360253517749256402e-01 1.566404707752509839e+00 1.000000000000000000e+00 1.000000000000000000e+00 1.567488236608095553e+00 3.758088027003392284e-03 1.136025351774925696e+00 1.083528855585713657e-03
9.965055991132859559e-01 -7.550374652775337925e-02 1.566540199599924410e+00 1.000000000000000000e+00 1.000000000000000000e+00 1.567547255276724227e+00 3.494400886714044141e-03 1.075503746527753268e+00 1.007055676799817334e-03
9.967578149903210116e-01 -1.466996866110985981e-02 1.566631898605209239e+00 1.000000000000000000e+00 1.000000000000000000e+00 1.567601027756153398e+00 3.242185009678988372e-03 1.014669968661109811e+00 9.691291509441590790e-04
9.970037691135071878e-01 4.589727989565759586e-02 1.566826176646285429e+00 1.000000000000000000e+00 1.000000000000000000e+00 1.567655972015569832e+00 2.996230886492812218e-03 9.541027201043423833e-01 8.297953692844028950e-04
9.973070481263752729e-01 1.238569183410434399e-01 1.566968301617798653e+00 1.000000000000000000e+00 1.000000000000000000e+00 1.567722692533914275e+00 2.692951873624727099e-03 8.761430816589566017e-01 7.543909161156214793e-04
9.975669439763837909e-01 1.932721018150176662e-01 1.567022307357389233e+00 1.000000000000000000e+00 1.000000000000000000e+00 1.567780379717683692e+00 2.433056023616209096e-03 8.067278981849823616e-01 7.580723602944594575e-04
9.977912762087524090e-01 2.538406923737259180e-01 1.567152834459247135e+00 1.000000000000000000e+00 1.000000000000000000e+00 1.567836211820096137e+00 2.208723791247590995e-03 7.461593076262740265e-01 6.833773608490023577e-04
9.980093658718076632e-01 3.143869195935223293e-01 1.567193735858151360e+00 1.000000000000000000e+00 1.000000000000000000e+00 1.567892898328514972e+00 1.990634128192336760e-03 6.856130804064777262e-01 6.991624703636123428e-04
9.982544627082495792e-01 3.838298109734821772e-01 1.567345556587230959e+00 1.000000000000000000e+00 1.000000000000000000e+00 1.567963452609453023e+00 1.745537291750420827e-03 6.161701890265178783e-01 6.178960222220641896e-04
9.984661179968814526e-01 4.443526564651346655e-01 1.567337373902077502e+00 1.000000000000000000e+00 1.000000000000000000e+00 1.568035802291990022e+00 1.533882003118547388e-03 5.556473435348653345e-01 6.984283899125198758e-04
9.987321985144234082e-01 5.223301793898903478e-01 1.567372058332521245e+00 1.000000000000000000e+00 1.000000000000000000e+00 1.568142195313483311e+00 1.267801485576591780e-03 4.776698206101096522e-01 7.701369809620661755e-04
9.989652003291299431e-01 5.917732259623774693e-01 1.567530290118364089e+00 1.000000000000000000e+00 1.000000000000000000e+00 1.568261467446349311e+00 1.034799670870056865e-03 4.082267740376225307e-01 7.311773279852218366e-04
9.991646487280281264e-01 6.522974605273089699e-01 1.567554790204985338e+00 1.000000000000000000e+00 1.000000000000000000e+00 1.568393843148839784e+00 8.353512719718736435e-04 3.477025394726910301e-01 8.390529438544458429e-04
9.993853487317705397e-01 7.217017463855089909e-01 1.567607456315913916e+00 1.000000000000000000e+00 1.000000000000000000e+00 1.568587724114720139e+00 6.146512682294602570e-04 2.782982536144910091e-01 9.802677988062225012e-04
9.995570085540887995e-01 7.784191927825158119e-01 1.567938240125520855e+00 1.000000000000000000e+00 1.000000000000000000e+00 1.568797097433501264e+00 4.429914459112005432e-04 2.215808072174841881e-01 8.588573079804096011e-04
9.997478232222304362e-01 8.418407679928382459e-01 1.567557326989331701e+00 1.000000000000000000e+00 1.000000000000000000e+00 1.569201879471971539e+00 2.521767777695638202e-04 1.581592320071617541e-01 1.644552482639838331e-03
9.998692829258324366e-01 8.799923432674880974e-01 1.567682098876165941e+00 1.000000000000000000e+00 1.000000000000000000e+00 1.569707087774399268e+00 1.307170741675633963e-04 1.200076567325119026e-01 2.024988898233326395e-03
9.999425029068471638e-01 9.037502003869747336e-01 1.567808279510406466e+00 1.000000000000000000e+00 1.000000000000000000e+00 1.570198953225864447e+00 5.749709315283624278e-05 9.624979961302526643e-02 2.390673715457980464e-03
9.999817538612825185e-01 9.211956878219771383e-01 1.568252336989658380e+00 1.000000000000000000e+00 1.000000000000000000e+00 1.570564789485742629e+00 1.824613871748148597e-05 7.880431217802286170e-02 2.312452496084249631e-03
1.000016512901127808e+00 9.368732506967977214e-01 1.568963532005182016e+00 1.000000000000000000e+00 1.000000000000000000e+00 1.571057910052920281e+00 -1.651290112780756658e-05 6.312674930320227862e-02 2.094378047738265636e-03
1.000037058704611903e+00 9.503582081087671440e-01 1.569597993252823231e+00 1.000000000000000000e+00 1.000000000000000000e+00 1.571542848955274740e+00 -3.705870461190308163e-05 4.964179189123285596e-02 1.944855702451508961e-03
1.000048251262130927e+00 9.616980037931562864e-01 1.570069531530075224e+00 1.000000000000000000e+00 1.000000000000000000e+00 1.572056084546048949e+00 -4.825126213092723049e-05 3.830199620684371364e-02 1.986553015973724357e-03
1.000052123567479523e+00 9.697102993728589082e-01 1.570554223574494035e+00 1.000000000000000000e+00 1.000000000000000000e+00 1.572517159782668816e+00 -5.212356747952284763e-05 3.028970062714109179e-02 1.962936208174781427e-03
1.000052022305402577e+00 9.756584998605712933e-01 1.571078688763732023e+00 1.000000000000000000e+00 1.000000000000000000e+00 1.572933509215855175e+00 -5.202230540257701819e-05 2.434150013942870672e-02 1.854820452123151497e-03
1.000049423388907233e+00 9.805227558720176484e-01 1.571596423745631022e+00 1.000000000000000000e+00 1.000000000000000000e+00 1.572933509215855175e+00 -4.942338890723263489e-05 1.947724412798235161e-02 1.337085470224153028e-03
1.000045238414357662e+00 9.846050093432799910e-01 1.572074133188480216e+00 1.000045238414357662e+00 9.846050093432799910e-01 -2.371874132535026103e+00 0.000000000000000000e+00 0.000000000000000000e+00 -3.943948265723506097e+00
1.000040529359743635e+00 9.878834392254690622e-01 1.572362023075414283e+00 1.000040529359743635e+00 9.878834392254690622e-01 -2.368499563180515466e+00 0.000000000000000000e+00 0.000000000000000000e+00 -3.940861586255929971e+00
1.000144433078220318e+00 9.926988968357000065e-01 1.457973822603449099e+00 1.000144433078220318e+00 9.926988968357000065e-01 -2.363693555199553487e+00 0.000000000000000000e+00 0.000000000000000000e+00 -3.821667377803002807e+00
1.000775041223511908e+00 9.937714303145517292e-01 1.029880013773748049e+00 1.000775041223511908e+00 9.937714303145517292e-01 -2.363236388528128007e+00 0.000000000000000000e+00 0.000000000000000000e+00 -3.393116402301876278e+00
1.003738673424006800e+00 9.968399903338072132e-01 5.459778770433859618e-01 1.003738673424006800e+00 9.968399903338072132e-01 -2.363089074325933403e+00 0.000000000000000000e+00 0.000000000000000000e+00 -2.909066951369319476e+00
1.008322676476838931e+00 9.982074007036307872e-01 2.451795660927235353e-03 1.008322676476838931e+00 9.982074007036307872e-01 -2.366243802667732155e+00 0.000000000000000000e+00 0.000000000000000000e+00 -2.368695598328659280e+00
1.012491296188509082e+00 9.972406255001912134e-01 -4.798742615593614147e-01 1.012491296188509082e+00 9.972406255001912134e-01 -2.371297024689063448e+00 0.000000000000000000e+00 0.000000000000000000e+00 -1.891422763129702034e+00
1.015392843260789935e+00 9.949052208865364344e-01 -9.039014602169045398e-01 1.015392843260789935e+00 9.949052208865364344e-01 -2.376470501226651155e+00 0.000000000000000000e+00 0.000000000000000000e+00 -1.472569041009746726e+00
1.017326578906259105e+00 9.897424945821721165e-01 -1.546041093954169110e+00 1.017326578906259105e+00 9.897424945821721165e-01 -2.383578102648562513e+00 0.000000000000000000e+00 0.000000000000000000e+00 -8.375370086943934034e-01
1.016802513245034900e+00 9.863879643669427599e-01 -1.924891601345113168e+00 1.016802513245034900e+00 9.863879643669427599e-01 -2.386503026782819781e+00 0.000000000000000000e+00 0.000000000000000000e+00 -4.616114254377066128e-01
1.014279363979712301e+00 9.818405253506066188e-01 -2.181913544272821248e+00 1.014279363979712301e+00 9.818405253506066188e-01 -2.388748180993085946e+00 0.000000000000000000e+00 0.000000000000000000e+00 -2.068346367202646974e-01
1.013211202681666423e+00 9.804242038555120997e-01 -2.270346336910075813e+00 1.013211202681666423e+00 9.804242038555120997e-01 -2.389179533653237097e+00 0.000000000000000000e+00 0.000000000000000000e+00 -1.188331967431612846e-01
1.012354039168332775e+00 9.794525252482386701e-01 -2.319830646834084131e+00 1.012354039168332775e+00 9.794525252482386701e-01 -2.389355646844164571e+00 0.000000000000000000e+00 0.000000000000000000e+00 -6.952500001008043995e-02
1.012248441129214527e+00 9.793379420528577350e-01 -2.341771525747577520e+00 1.012248441129214527e+00 9.793379420528577350e-01 -2.389372056290165247e+00 0.000000000000000000e+00 0.000000000000000000e+00 -4.760053054258772676e-02
1.012178588976440974e+00 9.792645608503738330e-01 -2.358285655555385940e+00 1.012178588976440974e+00 9.792645608503738330e-01 -2.389380401510808660e+00 0.000000000000000000e+00 0.000000000000000000e+00 -3.109474595542272013e-02
1.012141829913503877e+00 9.792266576993308158e-01 -2.368869657486563973e+00 1.012141829913503877e+00 9.792266576993308158e-01 -2.389384051760981453e+00 0.000000000000000000e+00 0.000000000000000000e+00 -2.051439427441748009e-02
1.012129993673004602e+00 9.792148748024861460e-01 -2.377301135221052242e+00 1.012129993673004602e+00 9.792148748024861460e-01 -2.389384788183143815e+00 0.000000000000000000e+00 0.000000000000000000e+00 -1.208365296209157336e-02
1.012132852713835129e+00 9.792176815722234418e-01 -2.381815580358729978e+00 5.000000000000000000e-01 5.000000000000000000e-01 -2.389384651300848983e+00 -5.121328527138351294e-01 -4.792176815722234418e-01 -7.569070942119004997e-03
1.012148632094891809e+00 9.792330185072669613e-01 -2.384281111828707722e+00 5.000000000000000000e-01 5.000000000000000000e-01 -2.389384056133007306e+00 -5.121486320948918092e-01 -4.792330185072669613e-01 -5.102944304299583678e-03
9.966664943515792796e-01 9.647007247799205265e-01 -2.387282220749110007e+00 5.000000000000000000e-01 5.000000000000000000e-01 -2.389432566615034670e+00 -4.966664943515792796e-01 -4.647007247799205265e-01 -2.150345865924663258e-03
9.409821599161092287e-01 9.096160373726718262e-01 -2.351527689630854567e+00 5.000000000000000000e-01 5.000000000000000000e-01 -2.393053158701710981e+00 -4.409821599161092287e-01 -4.096160373726718262e-01 -4.152546907085641337e-02
8.921274963178748019e-01 8.603175972225540757e-01 -2.351657958176049945e+00 5.000000000000000000e-01 5.000000000000000000e-01 -2.398444708005614601e+00 -3.921274963178748019e-01 -3.603175972225540757e-01 -4.678674982956465556e-02
8.368317954901040023e-01 8.051434785905661196e-01 -2.366110522415714179e+00 5.000000000000000000e-01 5.000000000000000000e-01 -2.405515110187700145e+00 -3.368317954901040023e-01 -3.051434785905661196e-01 -3.940458777198596607e-02
7.806079848755563821e-01 7.509494438507493541e-01 -2.382513375414961221e+00 5.000000000000000000e-01 5.000000000000000000e-01 -2.411932251877490607e+00 -2.806079848755563821e-01 -2.509494438507493541e-01 -2.941887646252938637e-02
7.299919450251622921e-01 7.034238005132303906e-01 -2.392686446927353217e+00 5.000000000000000000e-01 5.000000000000000000e-01 -2.417417327457862086e+00 -2.299919450251622921e-01 -2.034238005132303906e-01 -2.473088053050886970e-02
6.697360018235015700e-01 6.481068047263396359e-01 -2.403663917517393500e+00 5.000000000000000000e-01 5.000000000000000000e-01 -2.424139720609846727e+00 -1.697360018235015700e-01 -1.481068047263396359e-01 -2.047580309245322638e-02
6.340022793356698827e-01 6.155055216762284065e-01 -2.402188110586581882e+00 5.000000000000000000e-01 5.000000000000000000e-01 -2.430192115407744602e+00 -1.340022793356698827e-01 -1.155055216762284065e-01 -2.800400482116272016e-02
5.979559685477747744e-01 5.838182313681640201e-01 -2.452674659613594876e+00 5.000000000000000000e-01 5.000000000000000000e-01 -2.433814598252429295e+00 -9.795596854777477436e-02 -8.381823136816402009e-02 1.886006136116558096e-02
5.710487411621240073e-01 5.618723770279389074e-01 -2.462999729767497481e+00 5.000000000000000000e-01 5.000000000000000000e-01 -2.425121291636314957e+00 -7.104874116212400725e-02 -6.187237702793890737e-02 3.787843813118252356e-02
5.561899532235899946e-01 5.498979330260158616e-01 -2.458709928842829129e+00 5.000000000000000000e-01 5.000000000000000000e-01 -2.415434600552448074e+00 -5.618995322358999456e-02 -4.989793302601586156e-02 4.327532829038105433e-02
5.450521958056661065e-01 5.407959450725607908e-01 -2.452242755801185670e+00 5.000000000000000000e-01 5.000000000000000000e-01 -2.405732761488005078e+00 -4.505219580566610649e-02 -4.079594507256079083e-02 4.650999431318059152e-02
5.336481797032431862e-01 5.312486269963606622e-01 -2.436611164055243250e+00 5.000000000000000000e-01 5.000000000000000000e-01 -2.393152550448919946e+00 -3.364817970324318619e-02 -3.124862699636066221e-02 4.345861360632330417e-02
5.262599177609174061e-01 5.248820034002644741e-01 -2.420737195295544542e+00 5.000000000000000000e-01 5.000000000000000000e-01 -2.383130926187546184e+00 -2.625991776091740615e-02 -2.488200340026447410e-02 3.760626910799835798e-02
5.193114070183958431e-01 5.186699347923287018e-01 -2.403756792153745714e+00 5.000000000000000000e-01 5.000000000000000000e-01 -2.373082025336927359e+00 -1.931140701839584306e-02 -1.866993479232870179e-02 3.067476681681835515e-02
5.146611098217711566e-01 5.143942622459061198e-01 -2.391879377361805670e+00 5.000000000000000000e-01 5.000000000000000000e-01 -2.365378336572166340e+00 -1.466110982177115662e-02 -1.439426224590611980e-02 2.650104078963932963e-02
5.115165859136012738e-01 5.114381555281163338e-01 -2.381895701946850963e+00 5.000000000000000000e-01 5.000000000000000000e-01 -2.365378336572166340e+00 -1.151658591360127382e-02 -1.143815552811633385e-02 1.651736537468462274e-02
5.095569625281333170e-01 5.095653891828477722e-01 -2.376430451437951064e+00 5.095569625281333170e-01 5.095653891828477722e-01 2.375314672707134811e+00 0.000000000000000000e+00 0.000000000000000000e+00 4.751745124145085875e+00
5.073718971762021246e-01 5.074582914542413725e-01 -2.372079720167763472e+00 5.073718971762021246e-01 5.074582914542413725e-01 2.371024872815253648e+00 0.000000000000000000e+00 0.000000000000000000e+00 4.743104592983017120e+00
5.071967800060735998e-01 5.072833993229498573e-01 -2.255729682670757352e+00 5.071967800060735998e-01 5.072833993229498573e-01 2.370674911710854982e+00 0.000000000000000000e+00 0.000000000000000000e+00 4.626404594381612334e+00
5.060122001922268131e-01 5.066771954658314536e-01 -1.771716768603875058e+00 5.060122001922268131e-01 5.066771954658314536e-01 2.368891647473824413e+00 0.000000000000000000e+00 0.000000000000000000e+00 4.140608416077699694e+00
5.056292219138146526e-01 5.114226294473298573e-01 -1.227907374968430831e+00 5.056292219138146526e-01 5.114226294473298573e-01 2.373344024072645997e+00 0.000000000000000000e+00 0.000000000000000000e+00 3.601251399041077050e+00
5.027950017087579049e-01 5.153769567133644758e-01 -6.843170222744170417e-01 5.027950017087579049e-01 5.153769567133644758e-01 2.374595923488326044e+00 0.000000000000000000e+00 0.000000000000000000e+00 3.058912945762743085e+00
4.978341825801308462e-01 5.173183422577082302e-01 -8.084710982237941490e-02 4.978341825801308462e-01 5.173183422577082302e-01 2.371646885934573401e+00 0.000000000000000000e+00 0.000000000000000000e+00 2.452493995756952927e+00
4.931020527063814107e-01 5.163407519878243646e-01 4.631011472351752034e-01 4.931020527063814107e-01 5.163407519878243646e-01 2.365861653018465738e+00 0.000000000000000000e+00 0.000000000000000000e+00 1.902760505783290590e+00
4.892908844463784157e-01 5.125860475549052220e-01 1.068578988666114116e+00 4.892908844463784157e-01 5.125860475549052220e-01 2.358116186102858336e+00 0.000000000000000000e+00 0.000000000000000000e+00 1.289537197436744220e+00
4.882816710221786760e-01 5.082861355445464913e-01 1.586213796059043446e+00 4.882816710221786760e-01 5.082861355445464913e-01 2.352692250359326387e+00 0.000000000000000000e+00 0.000000000000000000e+00 7.664784543002829409e-01
4.884291995920550522e-01 5.078837546396711700e-01 1.966208113180718531e+00 4.884291995920550522e-01 5.078837546396711700e-01 2.352434309152049430e+00 0.000000000000000000e+00 0.000000000000000000e+00 3.862261959713308990e-01
4.903167402982825385e-01 5.048984303801311579e-01 2.222170311430129441e+00 4.903167402982825385e-01 5.048984303801311579e-01 2.351338895700424647e+00 0.000000000000000000e+00 0.000000000000000000e+00 1.291685842702952058e-01
4.897877367867454201e-01 5.055604743648782762e-01 2.335777131709725118e+00 4.897877367867454201e-01 5.055604743648782762e-01 2.351468189277064358e+00 0.000000000000000000e+00 0.000000000000000000e+00 1.569105756733923940e-02
4.891378878047230594e-01 5.062206718998972788e-01 2.354919116617112174e+00 0.000000000000000000e+00 1.000000000000000000e+00 2.351472418259935360e+00 -4.891378878047230594e-01 4.937793281001027212e-01 -3.446698357176813943e-03
4.890121204589805148e-01 5.063467669945612704e-01 2.344606905604329494e+00 0.000000000000000000e+00 1.000000000000000000e+00 2.351471541508494578e+00 -4.890121204589805148e-01 4.936532330054387296e-01 6.864635904165083957e-03
4.771016844237176979e-01 5.194187763108581990e-01 2.288330696915447326e+00 0.000000000000000000e+00 1.000000000000000000e+00 2.352561216668115573e+00 -4.771016844237176979e-01 4.805812236891418010e-01 6.423051975266824698e-02
4.410105223739984592e-01 5.604353430362493116e-01 2.292968059287898264e+00 0.000000000000000000e+00 1.000000000000000000e+00 2.357836444388666131e+00 -4.410105223739984592e-01 4.395646569637506884e-01 6.486838510076786690e-02
3.776104938049411053e-01 6.304845990327487826e-01 2.324427297964391403e+00 0.000000000000000000e+00 1.000000000000000000e+00 2.367029044498967671e+00 -3.776104938049411053e-01 3.695154009672512174e-01 4.260174653457626803e-02
3.237663758051746998e-01 6.866123566816713097e-01 2.345854921614384914e+00 0.000000000000000000e+00 1.000000000000000000e+00 2.372482254788357281e+00 -3.237663758051746998e-01 3.133876433183286903e-01 2.662733317397236732e-02
2.627751230197947763e-01 7.479141624457757986e-01 2.359606197508288705e+00 0.000000000000000000e+00 1.000000000000000000e+00 2.376953007238822746e+00 -2.627751230197947763e-01 2.520858375542242014e-01 1.734680973053404074e-02
2.011796165037660067e-01 8.086361081934777539e-01 2.366675990771520688e+00 0.000000000000000000e+00 1.000000000000000000e+00 2.381194724365921278e+00 -2.011796165037660067e-01 1.913638918065222461e-01 1.451873359440059019e-02
1.517600949700413648e-01 8.568311402551478384e-01 2.370717096657703582e+00 0.000000000000000000e+00 1.000000000000000000e+00 2.385316101683082390e+00 -1.517600949700413648e-01 1.431688597448521616e-01 1.459900502537880840e-02
1.096657740669608611e-01 8.987202414790094185e-01 2.347006558681164368e+00 0.000000000000000000e+00 1.000000000000000000e+00 2.395927978915975309e+00 -1.096657740669608611e-01 1.012797585209905815e-01 4.892142023481094171e-02
8.505977345696136283e-02 9.235955212420081661e-01 2.353600328517796658e+00 0.000000000000000000e+00 1.000000000000000000e+00 2.409748255310562470e+00 -8.505977345696136283e-02 7.640447875799183386e-02 5.614792679276581211e-02
6.637933724242833788e-02 9.421046523666731787e-01 2.373209552555560986e+00 0.000000000000000000e+00 1.000000000000000000e+00 2.424356774408619852e+00 -6.637933724242833788e-02 5.789534763332682132e-02 5.114722185305886626e-02
5.119130092954056466e-02 9.564899170750084112e-01 2.393755368924256555e+00 0.000000000000000000e+00 1.000000000000000000e+00 2.437127201412177424e+00 -5.119130092954056466e-02 4.351008292499158880e-02 4.337183248792086943e-02
3.859019481441165744e-02 9.680173260044337979e-01 2.409262882274724404e+00 0.000000000000000000e+00 1.000000000000000000e+00 2.449549268983647110e+00 -3.859019481441165744e-02 3.198267399556620205e-02 4.028638670892270568e-02
2.863191867444385419e-02 9.768707706597661300e-01 2.422043411926986245e+00 0.000000000000000000e+00 1.000000000000000000e+00 2.462105953704268657e+00 -2.863191867444385419e-02 2.312922934023387000e-02 4.006254177728241217e-02
2.067556786705159605e-02 9.837592514703790147e-01 2.435971480351964757e+00 0.000000000000000000e+00 1.000000000000000000e+00 2.475753231036067259e+00 -2.067556786705159605e-02 1.624074852962098525e-02 3.978175068410250148e-02
1.648581500539419292e-02 9.872872085338557646e-01 2.448427167785427017e+00 0.000000000000000000e+00 1.000000000000000000e+00 2.484701694006387296e+00 -1.648581500539419292e-02 1.271279146614423539e-02 3.627452622096027923e-02
1.324805613259256998e-02 9.899432860467675122e-01 2.462401201707406617e+00 0.000000000000000000e+00 1.000000000000000000e+00 2.484701694006387296e+00 -1.324805613259256998e-02 1.005671395323248785e-02 2.230049229898067864e-02
1.022890923995288526e-02 9.923507329786667164e-01 2.474722811966985958e+00 1.022890923995288526e-02 9.923507329786667164e-01 -2.374024776050772001e+00 0.000000000000000000e+00 0.000000000000000000e+00 -4.848747588017758403e+00
7.336130743804202860e-03 9.946097776875634233e-01 2.481946315338779296e+00 7.336130743804202860e-03 9.946097776875634233e-01 -2.368895444034117670e+00 0.000000000000000000e+00 0.000000000000000000e+00 -4.850841759372896966e+00
-1.192374369913726771e-03 1.002611352009214363e+00 2.256685497533478024e+00 -1.192374369913726771e-03 1.002611352009214363e+00 -2.352396171834453487e+00 0.000000000000000000e+00 0.000000000000000000e+00 -4.609081669367931511e+00
-6.527132955292268626e-03 1.013170519000828884e+00 1.585395210049951542e+00 -6.527132955292268626e-03 1.013170519000828884e+00 -2.336629330599232279e+00 0.000000000000000000e+00 0.000000000000000000e+00 -3.922024540649183599e+00
-4.784893433144322625e-03 1.018681118188032420e+00 9.202226719023518520e-01 -4.784893433144322625e-03 1.018681118188032420e+00 -2.333054229446365646e+00 0.000000000000000000e+00 0.000000000000000000e+00 -3.253276901348717498e+00
4.682520353367809751e-06 1.021976585416535022e+00 2.568499702960344022e-01 4.682520353367809751e-06 1.021976585416535022e+00 -2.334698481181335161e+00 0.000000000000000000e+00 0.000000000000000000e+00 -2.591548451477369674e+00
5.283106729541614706e-03 1.021805340236882520e+00 -3.483457302166869662e-01 5.283106729541614706e-03 1.021805340236882520e+00 -2.340109401708804882e+00 0.000000000000000000e+00 0.000000000000000000e+00 -1.991763671492117860e+00
9.847927435427093062e-03 1.018215927880888216e+00 -1.011707881147487109e+00 9.847927435427093062e-03 1.018215927880888216e+00 -2.348055097285163040e+00 0.000000000000000000e+00 0.000000000000000000e+00 -1.336347216137675931e+00
1.125839066865086044e-02 1.013743373604507614e+00 -1.547828784872675278e+00 1.125839066865086044e-02 1.013743373604507614e+00 -2.353770125519095036e+00 0.000000000000000000e+00 0.000000000000000000e+00 -8.059413406464197571e-01
1.033633435515240659e-02 1.009193059241647372e+00 -2.018608398334985399e+00 1.033633435515240659e-02 1.009193059241647372e+00 -2.357315865055560788e+00 0.000000000000000000e+00 0.000000000000000000e+00 -3.387074667205753897e-01
8.005569562521989632e-03 1.005687349894125893e+00 -2.315252933499762911e+00 8.005569562521989632e-03 1.005687349894125893e+00 -2.358481391464449572e+00 0.000000000000000000e+00 0.000000000000000000e+00 -4.322845796468666180e-02
6.614111920542159635e-03 1.004239974867119578e+00 -2.378299093611829118e+00 6.614111920542159635e-03 1.004239974867119578e+00 -2.358543130534326071e+00 0.000000000000000000e+00 0.000000000000000000e+00 1.975596307750304703e-02
6.203186383732590264e-03 1.003857839868168789e+00 -2.359885418026117065e+00 -5.000000000000000000e-01 5.000000000000000000e-01 -2.358516470983161639e+00 -5.062031863837326284e-01 -5.038578398681687887e-01 1.368947042955426241e-03
6.355949232248477888e-03 1.004016070060155474e+00 -2.337219303427967798e+00 -5.000000000000000000e-01 5.000000000000000000e-01 -2.358510345089695370e+00 -5.063559492322484701e-01 -5.040160700601554744e-01 -2.129104166172757218e-02
-2.122326283593463023e-02 9.749326142959113817e-01 -2.350858755343387063e+00 -5.000000000000000000e-01 5.000000000000000000e-01 -2.360225175268987119e+00 -4.787767371640653802e-01 -4.749326142959113817e-01 -9.366419925600055763e-03
-8.042529957248878425e-02 9.171607495275284627e-01 -2.374660379338197735e+00 -5.000000000000000000e-01 5.000000000000000000e-01 -2.359079445291393018e+00 -4.195747004275112158e-01 -4.171607495275284627e-01 1.558093404680471750e-02
-1.492230234985765791e-01 8.510843943480677076e-01 -2.377023817829341468e+00 -5.000000000000000000e-01 5.000000000000000000e-01 -2.355756486564059671e+00 -3.507769765014234209e-01 -3.510843943480677076e-01 2.126733126528179696e-02
-2.113922980224413328e-01 7.910486424122259441e-01 -2.368878302051633078e+00 -5.000000000000000000e-01 5.000000000000000000e-01 -2.351983502026086192e+00 -2.886077019775586949e-01 -2.910486424122259441e-01 1.689480002554688554e-02
-2.793178553463643854e-01 7.241864532248106778e-01 -2.359363208937392375e+00 -5.000000000000000000e-01 5.000000000000000000e-01 -2.348317476373199764e+00 -2.206821446536356146e-01 -2.241864532248106778e-01 1.104573256419261185e-02
-3.527576753991681358e-01 6.506718004265996669e-01 -2.352436778580171417e+00 -5.000000000000000000e-01 5.000000000000000000e-01 -2.344683373191929654e+00 -1.472423246008318642e-01 -1.506718004265996669e-01 7.753405388241763063e-03
-4.082306534786019347e-01 5.921892876607470768e-01 -2.310278488436479538e+00 -5.000000000000000000e-01 5.000000000000000000e-01 -2.353911692150520985e+00 -9.176934652139806525e-02 -9.218928766074707681e-02 -4.363320371404144637e-02
-4.311339389738412242e-01 5.672207244383821179e-01 -2.314746205934073320e+00 -5.000000000000000000e-01 5.000000000000000000e-01 -2.368284249086536786e+00 -6.886606102615877578e-02 -6.722072443838211786e-02 -5.353804315246346590e-02
-4.418558791091823368e-01 5.556046247121272375e-01 -2.327546885004426969e+00 -5.000000000000000000e-01 5.000000000000000000e-01 -2.378516269419165940e+00 -5.814412089081766322e-02 -5.560462471212723745e-02 -5.096938441473897186e-02
-4.543198200662834085e-01 5.427905987447038116e-01 -2.354270174268452642e+00 -5.000000000000000000e-01 5.000000000000000000e-01 -2.388844302760806837e+00 -4.568017993371659147e-02 -4.279059874470381164e-02 -3.457412849235419472e-02
-4.677275803941753352e-01 5.296617900630309350e-01 -2.376627542645919799e+00 -5.000000000000000000e-01 5.000000000000000000e-01 -2.398321208964026230e+00 -3.227241960582466485e-02 -2.966179006303093502e-02 -2.169366631810643042e-02
-4.778926913848809410e-01 5.199978343832381000e-01 -2.386651112181756851e+00 -5.000000000000000000e-01 5.000000000000000000e-01 -2.406252791631800392e+00 -2.210730861511905898e-02 -1.999783438323810003e-02 -1.960167945004354095e-02
-4.839584923559527296e-01 5.143147343528206017e-01 -2.391740601291631574e+00 -5.000000000000000000e-01 5.000000000000000000e-01 -2.413016887097215513e+00 -1.604150764404727036e-02 -1.431473435282060169e-02 -2.127628580558393878e-02
-4.871829978123832228e-01 5.113315790123020843e-01 -2.398606744803045476e+00 -5.000000000000000000e-01 5.000000000000000000e-01 -2.413016887097215513e+00 -1.281700218761677723e-02 -1.133157901230208431e-02 -1.441014229417003634e-02
-4.896660808036956136e-01 5.090673648281656138e-01 -2.406037078704600596e+00 -4.896660808036956136e-01 5.090673648281656138e-01 2.375568808013438726e+00 0.000000000000000000e+00 0.000000000000000000e+00 4.781605886718039322e+00
-4.926648547601854000e-01 5.063699657516415042e-01 -2.411370641422098338e+00 -4.926648547601854000e-01 5.063699657516415042e-01 2.369885530545494223e+00 0.000000000000000000e+00 0.000000000000000000e+00 4.781256171967593005e+00
-4.955532590277438865e-01 5.034734761108053958e-01 -1.996966641659230879e+00 -4.955532590277438865e-01 5.034734761108053958e-01 2.364106841179012708e+00 0.000000000000000000e+00 0.000000000000000000e+00 4.361073482838243365e+00
-4.950885429116697045e-01 5.089878346696755651e-01 -1.340077931496031605e+00 -4.950885429116697045e-01 5.089878346696755651e-01 2.370149766620121223e+00 0.000000000000000000e+00 0.000000000000000000e+00 3.710227698116153050e+00
-4.982525827830746601e-01 5.139088081896784344e-01 -6.747161333779452264e-01 -4.982525827830746601e-01 5.139088081896784344e-01 2.372042134297315030e+00 0.000000000000000000e+00 0.000000000000000000e+00 3.046758267675260257e+00
-5.043179077482726758e-01 5.158267582094782089e-01 5.022165191256527939e-02 -5.043179077482726758e-01 5.158267582094782089e-01 2.367939408924342626e+00 0.000000000000000000e+00 0.000000000000000000e+00 2.317717757011777291e+00
-5.101213750370323652e-01 5.132256286464400574e-01 7.754713145394980245e-01 -5.101213750370323652e-01 5.132256286464400574e-01 2.359372940642489702e+00 0.000000000000000000e+00 0.000000000000000000e+00 1.583901626102991678e+00
-5.127579400054668168e-01 5.074324791360909082e-01 1.500374988310457125e+00 -5.127579400054668168e-01 5.074324791360909082e-01 2.350759343880424623e+00 0.000000000000000000e+00 0.000000000000000000e+00 8.503843555699674983e-01
-5.116719711743612509e-01 5.027466486750341579e-01 2.067031117878982638e+00 -5.116719711743612509e-01 5.027466486750341579e-01 2.347138841714463631e+00 0.000000000000000000e+00 0.000000000000000000e+00 2.801077238354809928e-01
-5.091371449151581574e-01 4.996257972090664135e-01 2.443670245166873922e+00 -5.091371449151581574e-01 4.996257972090664135e-01 2.346599352746614020e+00 0.000000000000000000e+00 0.000000000000000000e+00 -9.707089242025990217e-02
-5.090936150393293724e-01 4.995917021302644923e-01 2.482810302189632612e+00 -5.090936150393293724e-01 4.995917021302644923e-01 2.346609620632277515e+00 0.000000000000000000e+00 0.000000000000000000e+00 -1.362006815573550966e-01
-5.099248088455153871e-01 5.002790846963313109e-01 2.384463749345336669e+00 -5.099248088455153871e-01 5.002790846963313109e-01 2.346449635915822007e+00 0.000000000000000000e+00 0.000000000000000000e+00 -3.801411342951466210e-02
-5.107147863095580220e-01 5.010853921235393083e-01 2.316468340834443751e+00 -5.107147863095580220e-01 5.010853921235393083e-01 2.346450418989852515e+00 0.000000000000000000e+00 0.000000000000000000e+00 2.998207815540876453e-02
-5.111946674603317087e-01 5.016144969296951750e-01 2.306971533676919428e+00 -5.111946674603317087e-01 5.016144969296951750e-01 2.346490318051990265e+00 0.000000000000000000e+00 0.000000000000000000e+00 3.951878437507083675e-02
-5.111621537872751420e-01 5.015786336618385244e-01 2.325067631958929848e+00 -5.111621537872751420e-01 5.015786336618385244e-01 2.346487597612087583e+00 0.000000000000000000e+00 0.000000000000000000e+00 2.141996565315773537e-02
-5.103616108394525286e-01 5.007437040114536275e-01 2.338054511944960279e+00 -1.000000000000000000e+00 1.000000000000000000e+00 2.346468880654752454e+00 -4.896383891605474714e-01 4.992562959885463725e-01 8.414368709792174883e-03
-5.101628782931539874e-01 5.005401798090093335e-01 2.342155814976039530e+00 -1.000000000000000000e+00 1.000000000000000000e+00 2.346467991884653159e+00 -4.898371217068460126e-01 4.994598201909906665e-01 4.312176908613629678e-03
-5.234264427251070773e-01 5.134031900225383138e-01 2.397038433098433785e+00 -1.000000000000000000e+00 1.000000000000000000e+00 2.345788344777303358e+00 -4.765735572748929227e-01 4.865968099774616862e-01 -5.125008832113042700e-02
-5.879798384205203732e-01 5.686500249187894651e-01 2.445945955204622102e+00 -1.000000000000000000e+00 1.000000000000000000e+00 2.333278775029846042e+00 -4.120201615794796268e-01 4.313499750812105349e-01 -1.126671801747760604e-01
-6.670810357616738795e-01 6.364793912155387590e-01 2.416685173536890385e+00 -1.000000000000000000e+00 1.000000000000000000e+00 2.312282607582939242e+00 -3.329189642383261205e-01 3.635206087844612410e-01 -1.044025659539511430e-01
-7.434804454034336096e-01 7.076784253916195144e-01 2.362084411925311045e+00 -1.000000000000000000e+00 1.000000000000000000e+00 2.291054751978248039e+00 -2.565195545965663904e-01 2.923215746083804856e-01 -7.102965994706300634e-02
-8.101665227681668080e-01 7.763588946315397310e-01 2.322092090995715896e+00 -1.000000000000000000e+00 1.000000000000000000e+00 2.274611267428578110e+00 -1.898334772318331920e-01 2.236411053684602690e-01 -4.748082356713778651e-02
-8.778094174019208662e-01 8.514092669657935541e-01 2.290377584894770280e+00 -1.000000000000000000e+00 1.000000000000000000e+00 2.259005453084167669e+00 -1.221905825980791338e-01 1.485907330342064459e-01 -3.137213181060261036e-02
-9.267003230429513572e-01 9.089271260114103468e-01 2.262447180978311323e+00 -1.000000000000000000e+00 1.000000000000000000e+00 2.248485427300081607e+00 -7.329967695704864283e-02 9.107287398858965322e-02 -1.396175367822971580e-02
-9.516987334316620029e-01 9.381917823882983676e-01 2.293647610723832830e+00 -1.000000000000000000e+00 1.000000000000000000e+00 2.234135908508761315e+00 -4.830126656833799714e-02 6.180821761170163242e-02 -5.951170221507151581e-02
-9.608087559143813072e-01 9.485751971930895809e-01 2.288669421689978556e+00 -1.000000000000000000e+00 1.000000000000000000e+00 2.222001509491432714e+00 -3.919124408561869277e-02 5.142480280691041905e-02 -6.666791219854584227e-02
-9.681500632399765438e-01 9.572270195418539629e-01 2.257350820643582612e+00 -1.000000000000000000e+00 1.000000000000000000e+00 2.210850148151636496e+00 -3.184993676002345619e-02 4.277298045814603711e-02 -4.650067249194611563e-02
-9.779583794371563554e-01 9.695141225343256730e-01 2.231673778518385998e+00 -1.000000000000000000e+00 1.000000000000000000e+00 2.196799468130337107e+00 -2.204162056284364457e-02 3.048587746567432699e-02 -3.487431038804889027e-02
-9.864234195491511370e-01 9.806011690514226942e-01 2.215293559014001268e+00 -1.000000000000000000e+00 1.000000000000000000e+00 2.181432291398811785e+00 -1.357658045084886300e-02 1.939883094857730583e-02 -3.386126761518948314e-02
-9.912670175477377166e-01 9.871223560484837511e-01 2.202804554229357503e+00 -1.000000000000000000e+00 1.000000000000000000e+00 2.181432291398811785e+00 -8.732982452262283424e-03 1.287764395151624885e-02 -2.137226283054571851e-02
-9.930208870089133333e-01 9.895446776413425738e-01 2.189577399275020486e+00 -9.930208870089133333e-01 9.895446776413425738e-01 -1.575481692749844065e+00 0.000000000000000000e+00 0.000000000000000000e+00 -3.765059092024864551e+00
-9.943870071893576856e-01 9.914801569908457957e-01 2.181776102100853265e+00 -9.943870071893576856e-01 9.914801569908457957e-01 -1.574559679787355337e+00 0.000000000000000000e+00 0.000000000000000000e+00 -3.756335781888208381e+00
-9.983142412109563546e-01 9.982713187209181216e-01 1.808645985919751009e+00 -9.983142412109563546e-01 9.982713187209181216e-01 -1.571921462180343454e+00 0.000000000000000000e+00 0.000000000000000000e+00 -3.380567448100094463e+00
-9.968406892483147042e-01 1.003786509705761887e+00 9.614177722390976344e-01 -9.968406892483147042e-01 1.003786509705761887e+00 -1.572897227476689919e+00 0.000000000000000000e+00 0.000000000000000000e+00 -2.534314999715787664e+00
-9.911330275063809925e-01 1.007561329930901861e+00 1.746139121984759679e-01 -9.911330275063809925e-01 1.007561329930901861e+00 -1.576677925156232174e+00 0.000000000000000000e+00 0.000000000000000000e+00 -1.751291837354708170e+00
-9.849131084448362605e-01 1.006483120514146457e+00 -5.503450101265636718e-01 -9.849131084448362605e-01 1.006483120514146457e+00 -1.580810635624361860e+00 0.000000000000000000e+00 0.000000000000000000e+00 -1.030465625497798188e+00
-9.810440237812646513e-01 1.001983915111272827e+00 -1.206024168808621955e+00 -9.810440237812646513e-01 1.001983915111272827e+00 -1.583416282100064576e+00 0.000000000000000000e+00 0.000000000000000000e+00 -3.773921132914426213e-01
-9.805697375212812927e-01 9.994584480789652225e-01 -1.580620611067233616e+00 -1.000000000000000000e+00 -5.000000000000000000e-01 -1.583753788251444306e+00 -1.943026247871870726e-02 -1.499458448078965223e+00 -3.133177184210689248e-03
-9.806504162917387690e-01 9.981122166818479080e-01 -1.685387201591263207e+00 -1.000000000000000000e+00 -5.000000000000000000e-01 -1.583711586158434770e+00 -1.934958370826123097e-02 -1.498112216681847908e+00 1.016756154328284367e-01
-9.819206418629780053e-01 9.555621672432779157e-01 -1.535186176133444880e+00 -1.000000000000000000e+00 -5.000000000000000000e-01 -1.583216564748167077e+00 -1.807935813702199468e-02 -1.455562167243277916e+00 -4.803038861472219700e-02
-9.743237281745730227e-01 8.457301938302581590e-01 -1.468208363339908118e+00 -1.000000000000000000e+00 -5.000000000000000000e-01 -1.589873818629360835e+00 -2.567627182542697728e-02 -1.345730193830258159e+00 -1.216654552894527175e-01
-9.645377840316725626e-01 7.334092284172925025e-01 -1.510410227809148465e+00 -1.000000000000000000e+00 -5.000000000000000000e-01 -1.599539787179892869e+00 -3.546221596832743739e-02 -1.233409228417292613e+00 -8.912955937074440449e-02
-9.615423625980873412e-01 6.202995182552394349e-01 -1.579768312900078575e+00 -1.000000000000000000e+00 -5.000000000000000000e-01 -1.605110848172805138e+00 -3.845763740191265878e-02 -1.120299518255239324e+00 -2.534253527272656292e-02
-9.649828186836348909e-01 5.074801707087138736e-01 -1.618425644938240371e+00 -1.000000000000000000e+00 -5.000000000000000000e-01 -1.605539532236048839e+00 -3.501718131636510911e-02 -1.007480170708713985e+00 1.288611270219153226e-02
-9.706929145663643066e-01 3.949565799890422668e-01 -1.620870372628658629e+00 -1.000000000000000000e+00 -5.000000000000000000e-01 -1.603531564337250970e+00 -2.930708543363569341e-02 -8.949565799890422113e-01 1.733880829140765911e-02
-9.756347177941682158e-01 2.826152649432719932e-01 -1.607952060790418525e+00 -1.000000000000000000e+00 -5.000000000000000000e-01 -1.601919428612438523e+00 -2.436528220583178417e-02 -7.826152649432720487e-01 6.032632177980001842e-03
-9.790367845115548473e-01 1.787651181753329710e-01 -1.599643448381912636e+00 -1.000000000000000000e+00 -5.000000000000000000e-01 -1.601670856931742826e+00 -2.096321548844515270e-02 -6.787651181753329155e-01 -2.027408549830189699e-03
-9.821353412662853222e-01 6.627697998208144370e-02 -1.598200068811860941e+00 -1.000000000000000000e+00 -5.000000000000000000e-01 -1.602333430206420273e+00 -1.786465873371467783e-02 -5.662769799820814853e-01 -4.133361394559331714e-03
-9.855999224166268613e-01 -5.507962538057860347e-02 -1.600756431826655835e+00 -1.000000000000000000e+00 -5.000000000000000000e-01 -1.603150548825409194e+00 -1.440007758337313870e-02 -4.449203746194214104e-01 -2.394116998753359482e-03
-9.899860170854369867e-01 -1.935545187034913017e-01 -1.604138518741326402e+00 -1.000000000000000000e+00 -5.000000000000000000e-01 -1.603462563874548108e+00 -1.001398291456301326e-02 -3.064454812965087260e-01 6.759548667782944165e-04
-9.934698255888819718e-01 -2.963680547276342225e-01 -1.605186814086005498e+00 -1.000000000000000000e+00 -5.000000000000000000e-01 -1.602853857164843410e+00 -6.530174411118028210e-03 -2.036319452723657775e-01 2.332956921162088193e-03
-9.987525064460930357e-01 -3.774692663558708028e-01 -1.678266413768458643e+00 -1.000000000000000000e+00 -5.000000000000000000e-01 -1.580977041599041399e+00 -1.247493553906964259e-03 -1.225307336441291972e-01 9.728937216941724309e-02
-1.002769895643009557e+00 -4.202568301711833154e-01 -1.648664275995543882e+00 -1.000000000000000000e+00 -5.000000000000000000e-01 -1.536075077778264575e+00 2.769895643009556707e-03 -7.974316982881668459e-02 1.125891982172793071e-01
-1.003845072835703789e+00 -4.359073465778997014e-01 -1.603032199446422945e+00 -1.000000000000000000e+00 -5.000000000000000000e-01 -1.510875732995717202e+00 3.845072835703788883e-03 -6.409265342210029859e-02 9.215646645070574294e-02
-1.003909367295795496e+00 -4.452099439760862643e-01 -1.552388141545778089e+00 -1.000000000000000000e+00 -5.000000000000000000e-01 -1.499565277267106866e+00 3.909367295795496133e-03 -5.479005602391373575e-02 5.282286427867122214e-02
-1.003116327987924272e+00 -4.631270406642506998e-01 -1.506014494700175455e+00 -1.000000000000000000e+00 -5.000000000000000000e-01 -1.486481428263031646e+00 3.116327987924272236e-03 -3.687295933574930018e-02 1.953306643714380897e-02
-1.001818792097084909e+00 -4.804074526110541643e-01 -1.487323664383235267e+00 -1.000000000000000000e+00 -5.000000000000000000e-01 -1.486481428263031646e+00 1.818792097084909187e-03 -1.959254738894583570e-02 8.422361202036210415e-04
-1.001159360419209277e+00 -4.879198341899347313e-01 -1.480175733138612282e+00 -1.001159360419209277e+00 -4.879198341899347313e-01 -2.094395102393195263e+00 0.000000000000000000e+00 0.000000000000000000e+00 -6.142193692545829808e-01
-1.001078660405657628e+00 -4.888125430569441043e-01 -1.482161466950228546e+00 -1.001078660405657628e+00 -4.888125430569441043e-01 -2.094395102393195263e+00 0.000000000000000000e+00 0.000000000000000000e+00 -6.122336354429667171e-01
-1.000808037963861974e+00 -4.940129975395099460e-01 -1.682682326655714045e+00 -1.000808037963861974e+00 -4.940129975395099460e-01 -2.094395102393195263e+00 0.000000000000000000e+00 0.000000000000000000e+00 -4.117127757374812180e-01
-1.001338262062619666e+00 -4.951253907035506607e-01 -2.028562821602037491e+00 -1.001338262062619666e+00 -4.951253907035506607e-01 -2.094395102393195263e+00 0.000000000000000000e+00 0.000000000000000000e+00 -6.583228079115777120e-02
-1.002181209556877617e+00 -4.965194612543931685e-01 -2.206341851152105793e+00 -1.002181209556877617e+00 -4.965194612543931685e-01 -2.094395102393195263e+00 0.000000000000000000e+00 0.000000000000000000e+00 1.119467487589105303e-01
-1.001882368701795922e+00 -4.961149796821945346e-01 -2.186658126545996339e+00 -1.001882368701795922e+00 -4.961149796821945346e-01 -2.094395102393195263e+00 0.000000000000000000e+00 0.000000000000000000e+00 9.226302415280107638e-02
-1.001220623038621582e+00 -4.950746164281474848e-01 -2.104918923358815253e+00 -1.001220623038621582e+00 -4.950746164281474848e-01 -2.094395102393195263e+00 0.000000000000000000e+00 0.000000000000000000e+00 1.052382096561998992e-02
-1.001013098599373263e+00 -4.947002507117297943e-01 -2.058487734553981596e+00 -1.001013098599373263e+00 -4.947002507117297943e-01 -2.094395102393195263e+00 0.000000000000000000e+00 0.000000000000000000e+00 -3.590736783921366637e-02
-1.000614217653430948e+00 -4.939443494147390812e-01 -2.061523481551126746e+00 -1.000614217653430948e+00 -4.939443494147390812e-01 -2.094395102393195263e+00 0.000000000000000000e+00 0.000000000000000000e+00 -3.287162084206851631e-02
-1.000494186760406468e+00 -4.937163164471756738e-01 -2.107519885127387305e+00 -1.000506209881960817e+00 -4.937393758931025167e-01 -2.094395102393195263e+00 -1.202312155434981378e-05 -2.305944592684294747e-05 1.312478273419204200e-02
