0.0000 0.0000 0.0000 0.0000 0.1876 0.0000 -1.2883 0.0000
3229.7130 -0.0000 0.0000 0.0001 0.0000 0.0000 0.0000 0.0000
3229.7140 -0.0000 0.0000 0.0001 -0.1084 0.0000 0.2593 0.0000
3229.8140 -0.0000 0.0000 0.0001 -0.1084 0.0000 0.2593 0.0000
3229.9140 -0.0001 0.0000 0.0005 -0.1084 -0.0050 0.2593 0.0138
3230.0140 -0.0019 0.0000 0.0058 -0.1084 -0.0350 0.2593 0.1054
3230.1140 -0.0080 -0.0000 0.0240 -0.1084 -0.0892 0.2593 0.2656
3230.2140 -0.0187 -0.0005 0.0510 -0.1084 -0.1106 0.2593 0.2591
3230.3140 -0.0261 -0.0009 0.0683 -0.1084 -0.1107 0.2593 0.2593
3230.4140 -0.0407 -0.0022 0.1028 -0.1084 -0.1108 0.2593 0.2595
3230.5140 -0.0517 -0.0034 0.1287 -0.1084 -0.1107 0.2593 0.2583
3230.6140 -0.0626 -0.0050 0.1538 -0.1084 -0.1103 0.2593 0.2559
3230.7140 -0.0699 -0.0062 0.1711 -0.1084 -0.1106 0.2593 0.2571
3230.8140 -0.0808 -0.0082 0.1968 -0.1084 -0.1107 0.2593 0.2572
3230.9140 -0.0916 -0.0105 0.2226 -0.1084 -0.1108 0.2593 0.2575
3231.0140 -0.1024 -0.0131 0.2483 -0.1084 -0.1109 0.2593 0.2579
3231.1140 -0.1131 -0.0160 0.2742 -0.1084 -0.1110 0.2593 0.2584
3231.2140 -0.1273 -0.0202 0.3085 -0.1084 -0.1108 0.2593 0.2580
3231.3140 -0.1377 -0.0237 0.3338 -0.1084 -0.1094 0.2593 0.2563
3231.4140 -0.1480 -0.0274 0.3598 -0.1084 -0.1104 0.2593 0.2583
3231.5140 -0.1549 -0.0301 0.3770 -0.1084 -0.1105 0.2593 0.2581
3231.6140 -0.1685 -0.0358 0.4114 -0.1084 -0.1106 0.2593 0.2590
3231.7140 -0.1753 -0.0388 0.4288 -0.1084 -0.1107 0.2593 0.2593
3231.8140 -0.1886 -0.0451 0.4633 -0.1084 -0.1108 0.2593 0.2597
3231.9140 -0.1984 -0.0502 0.4892 -0.1084 -0.1108 0.2593 0.2590
3232.0140 -0.2049 -0.0538 0.5064 -0.1084 -0.1096 0.2593 0.2508
3232.1140 -0.2145 -0.0592 0.5317 -0.1084 -0.1106 0.2593 0.2574
3232.2140 -0.2239 -0.0649 0.5574 -0.1084 -0.1106 0.2593 0.2572
3232.3140 -0.2332 -0.0709 0.5832 -0.1084 -0.1108 0.2593 0.2575
3232.4140 -0.2454 -0.0792 0.6175 -0.1084 -0.1109 0.2593 0.2580
3232.5140 -0.2544 -0.0858 0.6433 -0.1084 -0.1110 0.2593 0.2584
3232.6140 -0.2603 -0.0903 0.6606 -0.1084 -0.1110 0.2593 0.2584
3232.7140 -0.2689 -0.0972 0.6864 -0.1084 -0.1104 0.2593 0.2550
3232.8140 -0.2773 -0.1043 0.7119 -0.1084 -0.1101 0.2593 0.2611
3232.9140 -0.2883 -0.1141 0.7465 -0.1084 -0.1105 0.2593 0.2580
3233.0140 -0.2963 -0.1217 0.7723 -0.1084 -0.1106 0.2593 0.2588
3233.1140 -0.3041 -0.1295 0.7982 -0.1084 -0.1107 0.2593 0.2594
3233.2140 -0.3117 -0.1375 0.8242 -0.1084 -0.1108 0.2593 0.2597
3233.3140 -0.3167 -0.1430 0.8416 -0.1084 -0.1108 0.2593 0.2596
3233.4140 -0.3263 -0.1541 0.8759 -0.1084 -0.1092 0.2593 0.2489
3233.5140 -0.3310 -0.1598 0.8928 -0.1084 -0.1106 0.2593 0.2575
3233.6140 -0.3400 -0.1715 0.9271 -0.1084 -0.1106 0.2593 0.2573
3233.7140 -0.3465 -0.1804 0.9528 -0.1084 -0.1108 0.2593 0.2576
3233.8140 -0.3508 -0.1865 0.9701 -0.1084 -0.1109 0.2593 0.2578
3233.9140 -0.3589 -0.1988 1.0044 -0.1084 -0.1110 0.2593 0.2583
3234.0140 -0.3647 -0.2082 1.0303 -0.1084 -0.1110 0.2593 0.2584
3234.1140 -0.3703 -0.2178 1.0560 -0.1084 -0.1102 0.2593 0.2540
3234.2140 -0.3756 -0.2275 1.0816 -0.1084 -0.1103 0.2593 0.2600
3234.3140 -0.3790 -0.2340 1.0994 -0.1084 -0.1093 0.2593 0.2669
3234.4140 -0.3855 -0.2472 1.1339 -0.1084 -0.1106 0.2593 0.2586
3234.5140 -0.3885 -0.2539 1.1512 -0.1084 -0.1106 0.2593 0.2591
3234.6140 -0.3943 -0.2675 1.1857 -0.1084 -0.1107 0.2593 0.2598
3234.7140 -0.3983 -0.2778 1.2117 -0.1084 -0.1108 0.2593 0.2597
3234.8140 -0.4021 -0.2882 1.2376 -0.1084 -0.1105 0.2593 0.2576
3234.9140 -0.4044 -0.2952 1.2546 -0.1084 -0.1107 0.2593 0.2584
3235.0140 -0.4077 -0.3057 1.2803 0.0000 -0.1106 0.0000 0.2573
3235.1140 -0.4106 -0.3159 1.3058 0.1325 -0.0808 0.4736 0.2413
3235.2140 -0.4116 -0.3196 1.3271 0.1325 -0.0090 0.4736 0.2576
3235.3140 -0.4101 -0.3131 1.3592 0.1325 0.1032 0.4736 0.2855
3235.4140 -0.4078 -0.3011 1.4017 0.1325 0.1286 0.4736 0.4720
3235.5140 -0.4059 -0.2884 1.4488 0.1325 0.1283 0.4736 0.4699
3235.6140 -0.4047 -0.2757 1.4956 0.1325 0.1283 0.4736 0.4700
3235.7140 -0.4040 -0.2628 1.5426 0.1325 0.1283 0.4736 0.4708
3235.8140 -0.4039 -0.2500 1.5898 0.1325 0.1284 0.4736 0.4718
3235.9140 -0.4045 -0.2372 1.6370 0.1325 0.1276 0.4736 0.4776
3236.0140 -0.4052 -0.2286 1.6688 0.1325 0.1282 0.4736 0.4732
3236.1140 -0.4067 -0.2160 1.7158 0.1325 0.1275 0.4736 0.4689
3236.2140 -0.4089 -0.2033 1.7630 0.1325 0.1280 0.4736 0.4721
3236.3140 -0.4116 -0.1908 1.8102 0.1325 0.1281 0.4736 0.4726
3236.4140 -0.4149 -0.1785 1.8575 0.1325 0.1282 0.4736 0.4730
3236.5140 -0.4203 -0.1623 1.9204 0.1325 0.1283 0.4736 0.4728
3236.6140 -0.4249 -0.1504 1.9673 0.1325 0.1283 0.4736 0.4725
3236.7140 -0.4301 -0.1387 2.0144 0.1325 0.1282 0.4736 0.4711
3236.8140 -0.4339 -0.1309 2.0460 0.1325 0.1283 0.4736 0.4714
3236.9140 -0.4401 -0.1197 2.0931 0.1325 0.1284 0.4736 0.4718
3237.0140 -0.4467 -0.1087 2.1403 0.1325 0.1285 0.4736 0.4720
3237.1140 -0.4539 -0.0980 2.1874 0.1325 0.1279 0.4736 0.4669
3237.2140 -0.4642 -0.0845 2.2497 0.1325 0.1283 0.4736 0.4703
3237.3140 -0.4697 -0.0779 2.2813 0.1325 0.1283 0.4736 0.4709
3237.4140 -0.4812 -0.0653 2.3440 0.1325 0.1284 0.4736 0.4724
3237.5140 -0.4903 -0.0563 2.3918 0.1325 0.1262 0.4736 0.4875
3237.6140 -0.4998 -0.0479 2.4396 0.1325 0.1272 0.4736 0.4662
3237.7140 -0.5098 -0.0399 2.4867 0.1325 0.1280 0.4736 0.4720
3237.8140 -0.5201 -0.0323 2.5339 0.1325 0.1280 0.4736 0.4726
3237.9140 -0.5272 -0.0275 2.5656 0.1325 0.1281 0.4736 0.4730
3238.0140 -0.5418 -0.0187 2.6285 0.1325 0.1283 0.4736 0.4734
3238.1140 -0.5531 -0.0127 2.6758 0.1325 0.1277 0.4736 0.4686
3238.2140 -0.5608 -0.0089 2.7072 0.1325 0.1281 0.4736 0.4715
3238.3140 -0.5765 -0.0022 2.7699 0.1325 0.1282 0.4736 0.4715
3238.4140 -0.5886 0.0021 2.8170 0.1325 0.1284 0.4736 0.4719
3238.5140 -0.6008 0.0060 2.8642 0.1325 0.1285 0.4736 0.4722
3238.6140 -0.6133 0.0092 2.9114 0.1325 0.1283 0.4736 0.4705
3238.7140 -0.6258 0.0118 2.9582 0.1325 0.1283 0.4736 0.4700
3238.8140 -0.6384 0.0139 3.0052 0.0000 0.1283 0.0000 0.4705
3238.9140 -0.6466 0.0149 3.0348 0.0577 0.1058 1.6585 0.3548
3239.0140 -0.6562 0.0157 3.0695 0.0577 0.0616 1.6585 0.4575
3239.1140 -0.6624 0.0160 -3.1333 0.0577 0.0591 1.6585 1.1365
3239.2140 -0.6675 0.0156 -2.9863 0.0577 0.0428 1.6585 1.6519
3239.3140 -0.6703 0.0151 -2.8758 0.0577 0.0426 1.6585 1.6519
3239.4140 -0.6743 0.0136 -2.7105 0.0577 0.0427 1.6585 1.6534
3239.5140 -0.6792 0.0107 -2.4906 0.0577 0.0434 1.6585 1.6513
3239.6140 -0.6813 0.0088 -2.3800 0.0577 0.0417 1.6585 1.6437
3239.7140 -0.6850 0.0045 -2.1605 0.0577 0.0429 1.6585 1.6520
3239.8140 -0.6865 0.0020 -2.0498 0.0577 0.0430 1.6585 1.6531
3239.9140 -0.6882 -0.0019 -1.8844 0.0577 0.0429 1.6585 1.6542
3240.0140 -0.6893 -0.0074 -1.6647 0.0577 0.0426 1.6585 1.6523
3240.1140 -0.6894 -0.0117 -1.4998 0.0577 0.0442 1.6585 1.6446
3240.2140 -0.6890 -0.0146 -1.3891 0.0577 0.0431 1.6585 1.6533
3240.3140 -0.6879 -0.0188 -1.2240 0.0577 0.0415 1.6585 1.6417
3240.4140 -0.6854 -0.0238 -1.0044 0.0577 0.0428 1.6585 1.6526
3240.5140 -0.6829 -0.0273 -0.8391 0.0577 0.0428 1.6585 1.6543
3240.6140 -0.6798 -0.0302 -0.6736 0.0577 0.0426 1.6585 1.6509
3240.7140 -0.6774 -0.0319 -0.5633 0.0577 0.0436 1.6585 1.6454
3240.8140 -0.6723 -0.0344 -0.3437 0.0577 0.0430 1.6585 1.6523
3240.9140 -0.6682 -0.0355 -0.1784 0.0577 0.0431 1.6585 1.6535
3241.0140 -0.6639 -0.0359 -0.0133 0.0577 0.0425 1.6585 1.6515
3241.1140 -0.6597 -0.0357 0.1520 0.0577 0.0427 1.6585 1.6532
3241.2140 -0.6555 -0.0347 0.3173 0.0577 0.0430 1.6585 1.6533
3241.3140 -0.6528 -0.0336 0.4281 0.0577 0.0429 1.6585 1.6535
3241.4140 -0.6491 -0.0316 0.5931 0.0577 0.0428 1.6585 1.6508
3241.5140 -0.6448 -0.0279 0.8128 0.0577 0.0429 1.6585 1.6529
3241.6140 -0.6429 -0.0257 0.9236 0.0577 0.0430 1.6585 1.6540
3241.7140 -0.6400 -0.0209 1.1433 0.0577 0.0425 1.6585 1.6519
3241.8140 -0.6385 -0.0169 1.3084 0.0577 0.0435 1.6585 1.6479
3241.9140 -0.6379 -0.0140 1.4189 0.0577 0.0431 1.6585 1.6523
3242.0140 -0.6377 -0.0083 1.6387 0.0577 0.0429 1.6585 1.6516
3242.1140 -0.6383 -0.0041 1.8038 0.0577 0.0427 1.6585 1.6520
3242.2140 -0.6396 -0.0000 1.9691 0.0577 0.0428 1.6585 1.6536
3242.3140 -0.6416 0.0038 2.1345 0.0577 0.0429 1.6585 1.6544
3242.4140 -0.6441 0.0072 2.2994 0.0577 0.0430 1.6585 1.6489
3242.5140 -0.6461 0.0092 2.4101 0.0577 0.0429 1.6585 1.6514
3242.6140 -0.6508 0.0126 2.6298 0.0577 0.0431 1.6585 1.6532
3242.7140 -0.6533 0.0138 2.7406 0.0577 0.0430 1.6585 1.6538
3242.8140 -0.6587 0.0155 2.9602 0.0577 0.0426 1.6585 1.6525
3242.9140 -0.6630 0.0159 3.1255 0.0577 0.0429 1.6585 1.6530
3243.0140 -0.6659 0.0158 -3.0471 0.0577 0.0444 1.6585 1.6451
3243.1140 -0.6715 0.0147 -2.8277 0.0577 0.0428 1.6585 1.6513
3243.2140 -0.6742 0.0137 -2.7171 0.0577 0.0428 1.6585 1.6517
3243.3140 -0.6791 0.0108 -2.4973 0.0577 0.0429 1.6585 1.6539
3243.4140 -0.6823 0.0079 -2.3319 0.0577 0.0427 1.6585 1.6533
3243.5140 -0.6849 0.0047 -2.1669 0.0577 0.0428 1.6585 1.6509
3243.6140 -0.6864 0.0022 -2.0564 0.0577 0.0429 1.6585 1.6521
3243.7140 -0.6881 -0.0018 -1.8911 0.0577 0.0431 1.6585 1.6529
3243.8140 -0.6893 -0.0073 -1.6715 0.0000 0.0426 0.0000 1.6510
3243.9140 -0.6895 -0.0102 -1.5661 -0.1191 0.0406 0.6740 1.3845
3244.0140 -0.6894 -0.0132 -1.4404 -0.1191 -0.0215 0.6740 0.7759
3244.1140 -0.6899 -0.0100 -1.3925 -0.1191 -0.0697 0.6740 0.6506
3244.2140 -0.6925 0.0019 -1.3249 -0.1191 -0.0994 0.6740 0.5035
3244.3140 -0.6956 0.0128 -1.2655 -0.1191 -0.1250 0.6740 0.6709
3244.4140 -0.6997 0.0246 -1.1984 -0.1191 -0.1252 0.6740 0.6716
3244.5140 -0.7030 0.0323 -1.1533 -0.1191 -0.1253 0.6740 0.6720
3244.6140 -0.7104 0.0472 -1.0640 -0.1191 -0.1250 0.6740 0.6704
3244.7140 -0.7146 0.0544 -1.0194 -0.1191 -0.1252 0.6740 0.6714
3244.8140 -0.7239 0.0682 -0.9302 -0.1191 -0.1251 0.6740 0.6708
3244.9140 -0.7318 0.0779 -0.8630 -0.1191 -0.1252 0.6740 0.6714
3245.0140 -0.7402 0.0872 -0.7959 -0.1191 -0.1254 0.6740 0.6720
3245.1140 -0.7493 0.0958 -0.7288 -0.1191 -0.1246 0.6740 0.6666
3245.2140 -0.7589 0.1038 -0.6619 -0.1191 -0.1250 0.6740 0.6700
3245.3140 -0.7656 0.1088 -0.6170 -0.1191 -0.1251 0.6740 0.6704
3245.4140 -0.7796 0.1178 -0.5278 -0.1191 -0.1253 0.6740 0.6712
3245.5140 -0.7906 0.1237 -0.4606 -0.1191 -0.1254 0.6740 0.6715
3245.6140 -0.8020 0.1289 -0.3938 -0.1191 -0.1239 0.6740 0.6622
3245.7140 -0.8098 0.1319 -0.3489 -0.1191 -0.1251 0.6740 0.6698
3245.8140 -0.8257 0.1369 -0.2598 -0.1191 -0.1252 0.6740 0.6707
3245.9140 -0.8338 0.1389 -0.2148 -0.1191 -0.1253 0.6740 0.6712
3246.0140 -0.8503 0.1417 -0.1255 -0.1191 -0.1253 0.6740 0.6715
3246.1140 -0.8627 0.1428 -0.0588 -0.1191 -0.1247 0.6740 0.6679
3246.2140 -0.8752 0.1432 0.0083 -0.1191 -0.1251 0.6740 0.6704
3246.3140 -0.8835 0.1429 0.0532 -0.1191 -0.1251 0.6740 0.6709
3246.4140 -0.9001 0.1413 0.1425 -0.1191 -0.1253 0.6740 0.6719
3246.5140 -0.9084 0.1399 0.1875 -0.1191 -0.1256 0.6740 0.6699
3246.6140 -0.9206 0.1372 0.2541 -0.1191 -0.1237 0.6740 0.6689
3246.7140 -0.9365 0.1324 0.3434 -0.1191 -0.1250 0.6740 0.6710
3246.8140 -0.9481 0.1278 0.4106 -0.1191 -0.1251 0.6740 0.6721
3246.9140 -0.9594 0.1224 0.4778 -0.1191 -0.1252 0.6740 0.6730
3247.0140 -0.9703 0.1163 0.5451 -0.1191 -0.1249 0.6740 0.6715
3247.1140 -0.9773 0.1118 0.5898 -0.1191 -0.1250 0.6740 0.6720
3247.2140 -0.9875 0.1045 0.6569 -0.1191 -0.1249 0.6740 0.6715
3247.3140 -0.9971 0.0965 0.7241 -0.1191 -0.1250 0.6740 0.6723
3247.4140 -1.0090 0.0849 0.8136 -0.1191 -0.1251 0.6740 0.6734
3247.5140 -1.0147 0.0787 0.8587 -0.1191 -0.1250 0.6740 0.6726
3247.6140 -1.0249 0.0657 0.9478 -0.1191 -0.1248 0.6740 0.6714
3247.7140 -1.0296 0.0588 0.9928 0.0000 -0.1249 0.0000 0.6717
3247.8140 -1.0372 0.0461 1.0782 -0.2339 -0.0711 -1.8079 0.5609
3247.9140 -1.0391 0.0424 1.1015 -0.2339 -0.0581 -1.8079 0.1584
3248.0140 -1.0425 0.0359 1.0597 -0.2339 -0.0674 -1.8079 -0.6868
3248.1140 -1.0473 0.0282 0.9741 -0.2339 -0.1030 -1.8079 -0.9501
3248.2140 -1.0541 0.0193 0.8720 -0.2339 -0.1318 -1.8079 -1.1642
3248.3140 -1.0649 0.0081 0.7375 -0.2339 -0.1724 -1.8079 -1.4644
3248.4140 -1.0739 0.0006 0.6382 -0.2339 -0.1815 -1.8079 -1.5324
3248.5140 -1.0978 -0.0131 0.4090 -0.2339 -0.2180 -1.8079 -1.8029
3248.6140 -1.1184 -0.0199 0.2290 -0.2339 -0.2177 -1.8079 -1.8009
3248.7140 -1.1400 -0.0229 0.0488 -0.2339 -0.2180 -1.8079 -1.8030
3248.8140 -1.1545 -0.0227 -0.0718 -0.2339 -0.2176 -1.8079 -1.8005
3248.9140 -1.1829 -0.0172 -0.3114 -0.2339 -0.2180 -1.8079 -1.8032
3249.0140 -1.2029 -0.0087 -0.4915 -0.2339 -0.2176 -1.8079 -1.8007
3249.1140 -1.2211 0.0033 -0.6717 -0.2339 -0.2179 -1.8079 -1.8030
3249.2140 -1.2368 0.0183 -0.8518 -0.2339 -0.2175 -1.8079 -1.8007
3249.3140 -1.2495 0.0359 -1.0320 -0.2339 -0.2178 -1.8079 -1.8029
3249.4140 -1.2589 0.0555 -1.2122 -0.2339 -0.2174 -1.8079 -1.8005
3249.5140 -1.2647 0.0765 -1.3923 -0.2339 -0.2178 -1.8079 -1.8029
3249.6140 -1.2664 0.0909 -1.5132 -0.2339 -0.2179 -1.8079 -1.8041
3249.7140 -1.2646 0.1197 -1.7527 -0.2339 -0.2177 -1.8079 -1.8029
3249.8140 -1.2611 0.1339 -1.8736 -0.2339 -0.2179 -1.8079 -1.8045
3249.9140 -1.2493 0.1602 -2.1131 -0.2339 -0.2177 -1.8079 -1.8026
3250.0140 -1.2410 0.1722 -2.2339 -0.2339 -0.2179 -1.8079 -1.8040
3250.1140 -1.2209 0.1929 -2.4735 -0.2339 -0.2177 -1.8079 -1.8022
3250.2140 -1.2026 0.2048 -2.6538 -0.2339 -0.2179 -1.8079 -1.8039
3250.3140 -1.1830 0.2140 -2.8338 -0.2339 -0.2177 -1.8079 -1.8018
3250.4140 -1.1689 0.2177 -2.9546 -0.2339 -0.2179 -1.8079 -1.8033
3250.5140 -1.1473 0.2207 -3.1347 -0.2339 -0.2176 -1.8079 -1.7998
3250.6140 -1.1184 0.2194 2.9087 -0.2339 -0.2177 -1.8079 -1.8053
3250.7140 -1.0969 0.2155 2.7277 -0.2339 -0.2139 -1.8079 -1.8250
3250.8140 -1.0829 0.2111 2.6060 -0.2339 -0.2176 -1.8079 -1.8037
3250.9140 -1.0626 0.2020 2.4262 -0.2339 -0.2174 -1.8079 -1.7995
3251.0140 -1.0377 0.1856 2.1868 -0.2339 -0.2181 -1.8079 -1.8021
3251.1140 -1.0217 0.1697 2.0070 -0.2339 -0.2176 -1.8079 -1.7991
3251.2140 -1.0088 0.1513 1.8270 -0.2339 -0.2180 -1.8079 -1.8018
3251.3140 -1.0001 0.1307 1.6472 -0.2339 -0.2176 -1.8079 -1.7986
3251.4140 -0.9959 0.1089 1.4671 -0.2339 -0.2180 -1.8079 -1.8015
3251.5140 -0.9972 0.0870 1.2872 -0.2339 -0.2178 -1.8079 -1.7996
3251.6140 -1.0008 0.0728 1.1666 -0.2339 -0.2179 -1.8079 -1.8005
3251.7140 -1.0109 0.0535 0.9865 -0.2339 -0.2182 -1.8079 -1.8024
3251.8140 -1.0296 0.0315 0.7471 -0.2339 -0.2180 -1.8079 -1.8011
3251.9140 -1.0409 0.0223 0.6264 -0.2339 -0.2182 -1.8079 -1.8023
3252.0140 -1.0662 0.0083 0.3870 -0.2339 -0.2179 -1.8079 -1.8011
3252.1140 -1.0870 0.0019 0.2068 -0.2339 -0.2176 -1.8079 -1.7989
3252.2140 -1.1014 -0.0002 0.0864 -0.2339 -0.2178 -1.8079 -1.8003
3252.3140 -1.1303 0.0008 -0.1533 -0.2339 -0.2181 -1.8079 -1.8026
3252.4140 -1.1514 0.0060 -0.3332 -0.2339 -0.2178 -1.8079 -1.8010
3252.5140 -1.1649 0.0116 -0.4539 -0.2339 -0.2180 -1.8079 -1.8025
3252.6140 -1.1891 0.0273 -0.6934 -0.2339 -0.2177 -1.8079 -1.8009
3252.7140 -1.1997 0.0373 -0.8141 -0.2339 -0.2180 -1.8079 -1.8024
3252.8140 -1.2169 0.0606 -1.0536 -0.2339 -0.2177 -1.8079 -1.8009
3252.9140 -1.2233 0.0737 -1.1743 -0.2339 -0.2179 -1.8079 -1.8024
3253.0140 -1.2312 0.1015 -1.4139 -0.2339 -0.2176 -1.8079 -1.8009
3253.1140 -1.2326 0.1160 -1.5346 -0.2339 -0.2178 -1.8079 -1.8024
3253.2140 -1.2314 0.1377 -1.7147 0.0000 -0.2169 0.0000 -1.7964
3253.3140 -1.2242 0.1649 -1.9377 0.1238 -0.1880 0.5279 -1.3927
3253.4140 -1.2198 0.1750 -2.0226 0.1238 -0.1379 0.5279 -1.1920
3253.5140 -1.2140 0.1854 -2.1541 0.1238 -0.0498 0.5279 -0.7259
3253.6140 -1.2124 0.1877 -2.2105 0.1238 -0.0113 0.5279 -0.4416
3253.7140 -1.2121 0.1880 -2.2499 0.1238 0.0008 0.5279 -0.3521
3253.8140 -1.2125 0.1876 -2.2692 0.1238 0.0198 0.5279 -0.2103
3253.9140 -1.2166 0.1827 -2.2693 0.1238 0.0801 0.5279 0.2365
3254.0140 -1.2208 0.1776 -2.2444 0.1238 0.1161 0.5279 0.5039
3254.1140 -1.2303 0.1649 -2.1744 0.1238 0.1192 0.5279 0.5272
3254.2140 -1.2347 0.1582 -2.1389 0.1238 0.1176 0.5279 0.5345
3254.3140 -1.2427 0.1447 -2.0682 0.1238 0.1188 0.5279 0.5266
3254.4140 -1.2481 0.1342 -2.0156 0.1238 0.1189 0.5279 0.5267
3254.5140 -1.2514 0.1269 -1.9802 0.1238 0.1190 0.5279 0.5273
3254.6140 -1.2558 0.1159 -1.9275 0.1238 0.1191 0.5279 0.5280
3254.7140 -1.2608 0.1009 -1.8574 0.1238 0.1180 0.5279 0.5201
3254.8140 -1.2629 0.0932 -1.8223 0.1238 0.1188 0.5279 0.5261
3254.9140 -1.2663 0.0778 -1.7524 0.1238 0.1190 0.5279 0.5263
3255.0140 -1.2682 0.0660 -1.6997 0.1238 0.1191 0.5279 0.5268
3255.1140 -1.2694 0.0542 -1.6470 0.1238 0.1192 0.5279 0.5272
3255.2140 -1.2700 0.0423 -1.5944 0.1238 0.1189 0.5279 0.5247
3255.3140 -1.2701 0.0343 -1.5595 0.1238 0.1191 0.5279 0.5255
3255.4140 -1.2696 0.0224 -1.5070 0.1238 0.1191 0.5279 0.5252
3255.5140 -1.2685 0.0106 -1.4544 0.1238 0.1192 0.5279 0.5256
3255.6140 -1.2662 -0.0051 -1.3845 0.1238 0.1194 0.5279 0.5262
3255.7140 -1.2637 -0.0168 -1.3319 0.1238 0.1193 0.5279 0.5253
3255.8140 -1.2605 -0.0282 -1.2797 0.1238 0.1192 0.5279 0.5243
3255.9140 -1.2581 -0.0358 -1.2446 0.1238 0.1192 0.5279 0.5243
3256.0140 -1.2525 -0.0507 -1.1748 0.1238 0.1193 0.5279 0.5253
3256.1140 -1.2493 -0.0580 -1.1396 0.1238 0.1193 0.5279 0.5259
3256.2140 -1.2422 -0.0722 -1.0696 0.1238 0.1193 0.5279 0.5260
3256.3140 -1.2362 -0.0825 -1.0175 0.1238 0.1204 0.5279 0.5197
3256.4140 -1.2296 -0.0925 -0.9657 0.1238 0.1188 0.5279 0.5269
3256.5140 -1.2226 -0.1021 -0.9131 0.1238 0.1190 0.5279 0.5267
3256.6140 -1.2151 -0.1114 -0.8604 0.1238 0.1191 0.5279 0.5275
3256.7140 -1.2098 -0.1173 -0.8250 0.1238 0.1191 0.5279 0.5279
3256.8140 -1.1987 -0.1285 -0.7550 0.1238 0.1186 0.5279 0.5249
3256.9140 -1.1898 -0.1365 -0.7024 0.1238 0.1188 0.5279 0.5262
3257.0140 -1.1805 -0.1439 -0.6497 0.1238 0.1190 0.5279 0.5266
3257.1140 -1.1709 -0.1509 -0.5971 0.1238 0.1191 0.5279 0.5270
3257.2140 -1.1609 -0.1573 -0.5444 0.1238 0.1192 0.5279 0.5272
3257.3140 -1.1505 -0.1632 -0.4918 0.1238 0.1180 0.5279 0.5183
3257.4140 -1.1399 -0.1685 -0.4394 0.1238 0.1190 0.5279 0.5252
3257.5140 -1.1290 -0.1733 -0.3869 0.1238 0.1191 0.5279 0.5256
3257.6140 -1.1179 -0.1775 -0.3343 0.1238 0.1192 0.5279 0.5261
3257.7140 -1.1103 -0.1800 -0.2990 0.1238 0.1193 0.5279 0.5263
3257.8140 -1.0988 -0.1832 -0.2464 0.1238 0.1193 0.5279 0.5258
3257.9140 -1.0833 -0.1866 -0.1769 0.1238 0.1191 0.5279 0.5243
3258.0140 -1.0716 -0.1884 -0.1244 0.1238 0.1192 0.5279 0.5247
3258.1140 -1.0636 -0.1892 -0.0892 0.1238 0.1193 0.5279 0.5252
3258.2140 -1.0517 -0.1900 -0.0367 0.1238 0.1194 0.5279 0.5260
3258.3150 -1.0358 -0.1900 0.0333 0.0000 0.1192 0.0000 0.5257
3258.4140 -1.0243 -0.1893 0.0861 -0.1169 0.1102 1.0606 0.5416
3258.5140 -1.0140 -0.1881 0.1418 -0.1169 0.0961 1.0606 0.5822
3258.6140 -1.0059 -0.1867 0.2099 -0.1169 0.0626 1.0606 0.8210
3258.7140 -1.0026 -0.1859 0.3117 -0.1169 0.0042 1.0606 1.2130
3258.8140 -1.0035 -0.1863 0.4001 -0.1169 -0.0316 1.0606 1.4009
3258.9140 -1.0097 -0.1897 0.5836 -0.1169 -0.0709 1.0606 1.2801
3259.0140 -1.0170 -0.1953 0.7082 -0.1169 -0.1107 1.0606 1.1710
3259.1140 -1.0259 -0.2038 0.8166 -0.1169 -0.1266 1.0606 1.0566
3259.2140 -1.0315 -0.2102 0.8874 -0.1169 -0.1266 1.0606 1.0568
3259.3140 -1.0411 -0.2239 1.0276 -0.1169 -0.1263 1.0606 1.0553
3259.4140 -1.0470 -0.2351 1.1332 -0.1169 -0.1264 1.0606 1.0560
3259.5140 -1.0518 -0.2468 1.2389 -0.1169 -0.1265 1.0606 1.0569
3259.6140 -1.0552 -0.2590 1.3445 -0.1169 -0.1263 1.0606 1.0558
3259.7140 -1.0574 -0.2714 1.4499 -0.1169 -0.1262 1.0606 1.0557
3259.8140 -1.0581 -0.2798 1.5207 -0.1169 -0.1263 1.0606 1.0562
3259.9140 -1.0581 -0.2924 1.6263 -0.1169 -0.1264 1.0606 1.0571
3260.0140 -1.0567 -0.3050 1.7320 -0.1169 -0.1264 1.0606 1.0570
3260.1140 -1.0529 -0.3213 1.8723 -0.1169 -0.1262 1.0606 1.0562
3260.2140 -1.0485 -0.3331 1.9780 -0.1169 -0.1263 1.0606 1.0570
3260.3140 -1.0429 -0.3444 2.0837 -0.1169 -0.1264 1.0606 1.0580
3260.4140 -1.0361 -0.3551 2.1894 -0.1169 -0.1253 1.0606 1.0508
3260.5140 -1.0309 -0.3617 2.2600 -0.1169 -0.1261 1.0606 1.0566
3260.6140 -1.0224 -0.3710 2.3657 -0.1169 -0.1262 1.0606 1.0573
3260.7140 -1.0096 -0.3819 2.5064 -0.1169 -0.1264 1.0606 1.0584
3260.8140 -0.9991 -0.3888 2.6120 -0.1169 -0.1253 1.0606 1.0521
3260.9140 -0.9879 -0.3946 2.7177 -0.1169 -0.1261 1.0606 1.0570
3261.0140 -0.9762 -0.3992 2.8234 -0.1169 -0.1263 1.0606 1.0578
3261.1140 -0.9680 -0.4015 2.8943 -0.1169 -0.1264 1.0606 1.0583
3261.2140 -0.9556 -0.4039 3.0000 -0.1169 -0.1254 1.0606 1.0520
3261.3140 -0.9389 -0.4051 3.1404 -0.1169 -0.1262 1.0606 1.0567
3261.4140 -0.9263 -0.4045 -3.0371 -0.1169 -0.1264 1.0606 1.0575
3261.5140 -0.9138 -0.4025 -2.9316 -0.1169 -0.1274 1.0606 1.0504
3261.6140 -0.9056 -0.4005 -2.8611 -0.1169 -0.1250 1.0606 1.0510
3261.7140 -0.8937 -0.3965 -2.7556 -0.1169 -0.1263 1.0606 1.0556
3261.8140 -0.8786 -0.3890 -2.6151 -0.1169 -0.1265 1.0606 1.0567
3261.9140 -0.8714 -0.3845 -2.5443 -0.1169 -0.1266 1.0606 1.0568
3262.0140 -0.8583 -0.3741 -2.4041 -0.1169 -0.1263 1.0606 1.0552
3262.1140 -0.8494 -0.3651 -2.2986 -0.1169 -0.1264 1.0606 1.0558
3262.2140 -0.8440 -0.3586 -2.2278 -0.1169 -0.1265 1.0606 1.0564
3262.3140 -0.8347 -0.3446 -2.0873 -0.1169 -0.1263 1.0606 1.0554
3262.4140 -0.8290 -0.3333 -1.9819 -0.1169 -0.1263 1.0606 1.0555
3262.5140 -0.8260 -0.3255 -1.9111 -0.1169 -0.1263 1.0606 1.0560
3262.6140 -0.8224 -0.3134 -1.8055 -0.1169 -0.1265 1.0606 1.0569
3262.7140 -0.8201 -0.3009 -1.6998 -0.1169 -0.1264 1.0606 1.0567
3262.8140 -0.8192 -0.2884 -1.5944 -0.1169 -0.1262 1.0606 1.0562
3262.9140 -0.8195 -0.2758 -1.4888 -0.1169 -0.1263 1.0606 1.0565
3263.0140 -0.8221 -0.2592 -1.3482 -0.1169 -0.1265 1.0606 1.0577
3263.1140 -0.8255 -0.2470 -1.2426 -0.1169 -0.1251 1.0606 1.0490
3263.2140 -0.8302 -0.2353 -1.1371 -0.1169 -0.1261 1.0606 1.0565
3263.3140 -0.8341 -0.2278 -1.0663 -0.1169 -0.1262 1.0606 1.0571
3263.4140 -0.8407 -0.2171 -0.9606 -0.1169 -0.1264 1.0606 1.0580
3263.5140 -0.8485 -0.2072 -0.8548 -0.1169 -0.1260 1.0606 1.0557
3263.6140 -0.8573 -0.1981 -0.7493 -0.1169 -0.1261 1.0606 1.0566
3263.7140 -0.8670 -0.1900 -0.6436 -0.1169 -0.1262 1.0606 1.0575
3263.8140 -0.8774 -0.1830 -0.5378 -0.1169 -0.1263 1.0606 1.0584
3263.9140 -0.8886 -0.1771 -0.4321 -0.1169 -0.1253 1.0606 1.0518
3264.0140 -0.9043 -0.1712 -0.2916 0.0000 -0.1261 0.0000 1.0569
3264.1140 -0.9156 -0.1684 -0.2024 -0.1720 -0.0948 0.8889 0.6201
3264.2140 -0.9228 -0.1671 -0.1652 -0.1720 -0.0730 0.8889 0.2092
3264.3140 -0.9289 -0.1661 -0.1436 -0.1720 -0.1106 0.8889 0.4345
3264.4140 -0.9416 -0.1647 -0.0894 -0.1720 -0.1348 0.8889 0.5920
3264.5140 -0.9556 -0.1638 -0.0266 -0.1720 -0.1533 0.8889 0.7134
3264.6140 -0.9728 -0.1641 0.0571 -0.1720 -0.1799 0.8889 0.8865
3264.7140 -0.9907 -0.1659 0.1458 -0.1720 -0.1799 0.8889 0.8867
3264.8140 -1.0140 -0.1708 0.2634 -0.1720 -0.1797 0.8889 0.8853
3264.9140 -1.0256 -0.1743 0.3227 -0.1720 -0.1798 0.8889 0.8857
3265.0140 -1.0478 -0.1832 0.4406 -0.1720 -0.1800 0.8889 0.8865
3265.1140 -1.0636 -0.1916 0.5289 -0.1720 -0.1800 0.8889 0.8864
3265.2140 -1.0787 -0.2013 0.6174 -0.1720 -0.1799 0.8889 0.8852
3265.3140 -1.0884 -0.2086 0.6767 -0.1720 -0.1800 0.8889 0.8857
3265.4140 -1.1019 -0.2205 0.7653 -0.1720 -0.1801 0.8889 0.8856
3265.5140 -1.1181 -0.2380 0.8829 -0.1720 -0.1799 0.8889 0.8845
3265.6140 -1.1289 -0.2524 0.9713 -0.1720 -0.1801 0.8889 0.8853
3265.7140 -1.1384 -0.2677 1.0599 -0.1720 -0.1802 0.8889 0.8855
3265.8140 -1.1413 -0.2731 1.0900 -0.1720 -0.1800 0.8889 0.8843
3265.9140 -1.1511 -0.2949 1.2074 -0.1720 -0.1799 0.8889 0.8844
3266.0140 -1.1582 -0.3178 1.3252 -0.1720 -0.1801 0.8889 0.8859
3266.1140 -1.1618 -0.3354 1.4137 -0.1720 -0.1794 0.8889 0.8809
3266.2140 -1.1636 -0.3473 1.4728 -0.1720 -0.1801 0.8889 0.8824
3266.3140 -1.1646 -0.3653 1.5607 -0.1720 -0.1802 0.8889 0.8837
3266.4140 -1.1634 -0.3892 1.6786 -0.1720 -0.1799 0.8889 0.8867
3266.5140 -1.1618 -0.4011 1.7378 -0.1720 -0.1787 0.8889 0.8794
3266.6140 -1.1564 -0.4244 1.8555 -0.1720 -0.1798 0.8889 0.8862
3266.7140 -1.1506 -0.4414 1.9442 -0.1720 -0.1799 0.8889 0.8872
3266.8140 -1.1433 -0.4578 2.0328 -0.1720 -0.1787 0.8889 0.8792
3266.9140 -1.1376 -0.4684 2.0920 -0.1720 -0.1797 0.8889 0.8855
3267.0140 -1.1280 -0.4836 2.1806 -0.1720 -0.1798 0.8889 0.8862
3267.1140 -1.1171 -0.4978 2.2692 -0.1720 -0.1800 0.8889 0.8870
3267.2140 -1.1049 -0.5111 2.3577 -0.1720 -0.1794 0.8889 0.8836
3267.3140 -1.0870 -0.5269 2.4754 -0.1720 -0.1799 0.8889 0.8857
3267.4140 -1.0724 -0.5374 2.5640 -0.1720 -0.1801 0.8889 0.8865
3267.5140 -1.0569 -0.5465 2.6525 -0.1720 -0.1789 0.8889 0.8787
3267.6140 -1.0407 -0.5542 2.7409 -0.1720 -0.1799 0.8889 0.8849
3267.7140 -1.0238 -0.5605 2.8295 -0.1720 -0.1801 0.8889 0.8856
3267.8140 -1.0065 -0.5652 2.9180 -0.1720 -0.1800 0.8889 0.8851
3267.9140 -0.9947 -0.5676 2.9771 0.0000 -0.1799 0.0000 0.8848
3268.0140 -0.9726 -0.5700 3.0906 0.0930 -0.1290 0.2084 0.7587
3268.1140 -0.9657 -0.5702 3.1364 0.0930 -0.0777 0.2084 0.6138
3268.2140 -0.9626 -0.5701 -3.0763 0.0930 0.0305 0.2084 0.4965
3268.3140 -0.9683 -0.5707 -3.0348 0.0930 0.0787 0.2084 0.2889
3268.4140 -0.9742 -0.5713 -3.0196 0.0930 0.0914 0.2084 0.2071
3268.5140 -0.9862 -0.5730 -2.9920 0.0930 0.0914 0.2084 0.2079
3268.6140 -0.9953 -0.5744 -2.9714 0.0930 0.0923 0.2084 0.2014
3268.7140 -1.0043 -0.5761 -2.9510 0.0930 0.0904 0.2084 0.2079
3268.8140 -1.0132 -0.5779 -2.9308 0.0930 0.0909 0.2084 0.2074
3268.9140 -1.0221 -0.5799 -2.9100 0.0930 0.0909 0.2084 0.2076
3269.0140 -1.0280 -0.5813 -2.8961 0.0930 0.0909 0.2084 0.2079
3269.1140 -1.0368 -0.5836 -2.8753 0.0930 0.0910 0.2084 0.2081
3269.2140 -1.0484 -0.5870 -2.8476 0.0930 0.0911 0.2084 0.2083
3269.3140 -1.0571 -0.5897 -2.8268 0.0930 0.0912 0.2084 0.2085
3269.4140 -1.0658 -0.5926 -2.8059 0.0930 0.0913 0.2084 0.2084
3269.5140 -1.0743 -0.5957 -2.7851 0.0930 0.0912 0.2084 0.2076
3269.6140 -1.0800 -0.5979 -2.7714 0.0930 0.0901 0.2084 0.1986
3269.7140 -1.0885 -0.6012 -2.7511 0.0930 0.0912 0.2084 0.2061
3269.8140 -1.0996 -0.6060 -2.7236 0.0930 0.0912 0.2084 0.2063
3269.9140 -1.1052 -0.6085 -2.7098 0.0930 0.0913 0.2084 0.2064
3270.0140 -1.1161 -0.6137 -2.6823 0.0930 0.0913 0.2084 0.2070
3270.1140 -1.1243 -0.6179 -2.6616 0.0930 0.0914 0.2084 0.2076
3270.2140 -1.1323 -0.6222 -2.6408 0.0930 0.0913 0.2084 0.2086
3270.3140 -1.1402 -0.6266 -2.6194 0.0930 0.0887 0.2084 0.2249
3270.4140 -1.1454 -0.6296 -2.6045 0.0930 0.0902 0.2084 0.2130
3270.5140 -1.1531 -0.6343 -2.5838 0.0930 0.0908 0.2084 0.2072
3270.6140 -1.1608 -0.6392 -2.5631 0.0930 0.0909 0.2084 0.2078
3270.7140 -1.1684 -0.6443 -2.5423 0.0930 0.0909 0.2084 0.2079
3270.8140 -1.1783 -0.6512 -2.5146 0.0930 0.0910 0.2084 0.2082
3270.9140 -1.1832 -0.6549 -2.5007 0.0930 0.0911 0.2084 0.2083
3271.0140 -1.1904 -0.6604 -2.4798 0.0930 0.0912 0.2084 0.2085
3271.1140 -1.1999 -0.6680 -2.4521 0.0930 0.0913 0.2084 0.2083
3271.2140 -1.2069 -0.6738 -2.4313 0.0930 0.0912 0.2084 0.2074
3271.3140 -1.2137 -0.6798 -2.4109 0.0930 0.0914 0.2084 0.2082
3271.4140 -1.2182 -0.6839 -2.3971 0.0930 0.0912 0.2084 0.2062
3271.5140 -1.2270 -0.6923 -2.3696 0.0930 0.0912 0.2084 0.2062
3271.6140 -1.2335 -0.6987 -2.3490 0.0930 0.0913 0.2084 0.2065
3271.7140 -1.2399 -0.7053 -2.3283 0.0930 0.0913 0.2084 0.2071
3271.8140 -1.2461 -0.7120 -2.3075 0.0930 0.0913 0.2084 0.2079
3271.9140 -1.2501 -0.7165 -2.2936 0.0930 0.0912 0.2084 0.2089
3272.0140 -1.2560 -0.7234 -2.2720 0.0930 0.0894 0.2084 0.2204
3272.1140 -1.2618 -0.7304 -2.2509 0.0930 0.0910 0.2084 0.2078
3272.2140 -1.2674 -0.7375 -2.2303 0.0930 0.0909 0.2084 0.2081
3272.3140 -1.2747 -0.7471 -2.2027 0.0000 0.0909 0.0000 0.2078
3272.4140 -1.2790 -0.7530 -2.1830 0.2423 0.0359 -0.5901 0.1718
3272.5140 -1.2807 -0.7555 -2.1705 0.2423 0.0570 -0.5901 0.1444
3272.6140 -1.2860 -0.7634 -2.1525 0.2423 0.1324 -0.5901 0.1646
3272.7140 -1.2915 -0.7719 -2.1498 0.2423 0.1691 -0.5901 -0.0748
3272.8140 -1.3055 -0.7928 -2.1767 0.2423 0.1970 -0.5901 -0.2567
3272.9140 -1.3179 -0.8100 -2.2135 0.2423 0.2331 -0.5901 -0.5408
3273.0140 -1.3330 -0.8290 -2.2749 0.2423 0.2478 -0.5901 -0.5879
3273.1140 -1.3496 -0.8474 -2.3336 0.2423 0.2466 -0.5901 -0.5837
3273.2140 -1.3613 -0.8591 -2.3730 0.2423 0.2473 -0.5901 -0.5876
3273.3140 -1.3858 -0.8811 -2.4512 0.2423 0.2477 -0.5901 -0.5883
3273.4140 -1.3988 -0.8914 -2.4906 0.2423 0.2477 -0.5901 -0.5877
3273.5140 -1.4257 -0.9103 -2.5685 0.2423 0.2475 -0.5901 -0.5869
3273.6140 -1.4469 -0.9231 -2.6275 0.2423 0.2473 -0.5901 -0.5908
3273.7140 -1.4615 -0.9309 -2.6669 0.2423 0.2475 -0.5901 -0.5894
3273.8140 -1.4838 -0.9416 -2.7256 0.2423 0.2472 -0.5901 -0.5876
3273.9140 -1.5067 -0.9509 -2.7844 0.2423 0.2475 -0.5901 -0.5880
3274.0140 -1.5379 -0.9612 -2.8626 0.2423 0.2477 -0.5901 -0.5877
3274.1140 -1.5619 -0.9674 -2.9211 0.2423 0.2475 -0.5901 -0.5863
3274.2140 -1.5862 -0.9721 -2.9798 0.2423 0.2475 -0.5901 -0.5881
3274.3140 -1.6107 -0.9753 -3.0387 0.2423 0.2476 -0.5901 -0.5891
3274.4140 -1.6272 -0.9767 -3.0780 0.2423 0.2463 -0.5901 -0.5817
3274.5140 -1.6601 -0.9775 3.1270 0.2423 0.2475 -0.5901 -0.5881
3274.6140 -1.6848 -0.9764 3.0682 0.2423 0.2477 -0.5901 -0.5886
3274.7140 -1.7094 -0.9739 3.0096 0.2423 0.2474 -0.5901 -0.5857
3274.8140 -1.7258 -0.9714 2.9703 0.2423 0.2475 -0.5901 -0.5866
3274.9140 -1.7580 -0.9645 2.8922 0.2423 0.2481 -0.5901 -0.5858
3275.0140 -1.7818 -0.9577 2.8334 0.2423 0.2464 -0.5901 -0.5824
3275.1140 -1.8051 -0.9496 2.7747 0.2423 0.2474 -0.5901 -0.5881
3275.2140 -1.8205 -0.9433 2.7353 0.2423 0.2475 -0.5901 -0.5885
3275.3140 -1.8429 -0.9329 2.6764 0.2423 0.2476 -0.5901 -0.5881
3275.4140 -1.8647 -0.9211 2.6178 0.2423 0.2475 -0.5901 -0.5865
3275.5140 -1.8926 -0.9036 2.5397 0.2423 0.2476 -0.5901 -0.5886
3275.6140 -1.9125 -0.8890 2.4805 0.2423 0.2477 -0.5901 -0.5871
3275.7140 -1.9316 -0.8733 2.4218 0.2423 0.2473 -0.5901 -0.5879
3275.8140 -1.9497 -0.8564 2.3629 0.2423 0.2475 -0.5901 -0.5885
3275.9140 -1.9668 -0.8385 2.3041 0.2423 0.2476 -0.5901 -0.5882
3276.0140 -1.9828 -0.8197 2.2455 0.2423 0.2475 -0.5901 -0.5865
3276.1140 -1.9929 -0.8065 2.2062 0.2423 0.2476 -0.5901 -0.5869
3276.2140 -2.0114 -0.7793 2.1279 0.2423 0.2474 -0.5901 -0.5910
3276.3140 -2.0239 -0.7580 2.0692 0.0000 0.2472 0.0000 -0.5875
3276.4140 -2.0313 -0.7436 2.0302 -0.1904 0.2224 0.2737 -0.5649
3276.5140 -2.0389 -0.7273 1.9763 -0.1904 0.1380 0.2737 -0.5172
3276.6140 -2.0425 -0.7184 1.9262 -0.1904 0.0546 0.2737 -0.4871
3276.7140 -2.0431 -0.7164 1.8783 -0.1904 -0.0046 0.2737 -0.4789
3276.8140 -2.0426 -0.7185 1.8170 -0.1904 -0.0287 0.2737 -0.3560
3276.9140 -2.0419 -0.7213 1.7987 -0.1904 -0.0618 0.2737 -0.1907
3277.0140 -2.0387 -0.7357 1.7892 -0.1904 -0.1577 0.2737 0.0446
3277.1140 -2.0347 -0.7531 1.8079 -0.1904 -0.1928 0.2737 0.2727
3277.2140 -2.0316 -0.7657 1.8260 -0.1904 -0.1914 0.2737 0.2628
3277.3140 -2.0246 -0.7903 1.8619 -0.1904 -0.1928 0.2737 0.2711
3277.4140 -2.0189 -0.8087 1.8891 -0.1904 -0.1928 0.2737 0.2725
3277.5140 -2.0147 -0.8209 1.9074 -0.1904 -0.1925 0.2737 0.2759
3277.6140 -2.0081 -0.8390 1.9348 -0.1904 -0.1927 0.2737 0.2739
3277.7140 -2.0010 -0.8569 1.9617 -0.1904 -0.1926 0.2737 0.2723
3277.8140 -1.9908 -0.8804 1.9979 -0.1904 -0.1927 0.2737 0.2723
3277.9140 -1.9826 -0.8978 2.0252 -0.1904 -0.1930 0.2737 0.2726
3278.0140 -1.9768 -0.9094 2.0435 -0.1904 -0.1931 0.2737 0.2728
3278.1140 -1.9678 -0.9264 2.0706 -0.1904 -0.1918 0.2737 0.2646
3278.2140 -1.9551 -0.9487 2.1066 -0.1904 -0.1926 0.2737 0.2722
3278.3140 -1.9451 -0.9651 2.1339 -0.1904 -0.1927 0.2737 0.2734
3278.4140 -1.9346 -0.9812 2.1613 -0.1904 -0.1929 0.2737 0.2738
3278.5140 -1.9236 -0.9971 2.1886 -0.1904 -0.1926 0.2737 0.2713
3278.6140 -1.9160 -1.0075 2.2065 -0.1904 -0.1928 0.2737 0.2718
3278.7140 -1.9044 -1.0229 2.2336 -0.1904 -0.1928 0.2737 0.2713
3278.8140 -1.8882 -1.0428 2.2699 -0.1904 -0.1927 0.2737 0.2743
3278.9140 -1.8799 -1.0526 2.2884 -0.1904 -0.1930 0.2737 0.2734
3279.0140 -1.8627 -1.0716 2.3245 -0.1904 -0.1921 0.2737 0.2699
3279.1140 -1.8493 -1.0854 2.3517 -0.1904 -0.1926 0.2737 0.2722
3279.2140 -1.8401 -1.0945 2.3700 -0.1904 -0.1928 0.2737 0.2724
3279.3140 -1.8214 -1.1121 2.4062 -0.1904 -0.1930 0.2737 0.2729
3279.4140 -1.8069 -1.1248 2.4335 -0.1904 -0.1928 0.2737 0.2713
3279.5140 -1.7922 -1.1371 2.4604 -0.1904 -0.1923 0.2737 0.2740
3279.6140 -1.7770 -1.1490 2.4878 -0.1904 -0.1926 0.2737 0.2730
3279.7140 -1.7667 -1.1568 2.5061 -0.1904 -0.1927 0.2737 0.2736
3279.8140 -1.7458 -1.1716 2.5425 -0.1904 -0.1929 0.2737 0.2736
3279.9140 -1.7298 -1.1823 2.5696 -0.1904 -0.1922 0.2737 0.2688
3280.0140 -1.7134 -1.1925 2.5967 -0.1904 -0.1928 0.2737 0.2713
3280.1140 -1.6968 -1.2022 2.6239 -0.1904 -0.1929 0.2737 0.2722
3280.2140 -1.6855 -1.2085 2.6422 0.0000 -0.1927 0.0000 0.2744
3280.3140 -1.6636 -1.2200 2.6784 -0.0570 -0.1656 0.3966 0.2806
3280.4140 -1.6504 -1.2263 2.7137 -0.0570 -0.1302 0.3966 0.4337
3280.5140 -1.6398 -1.2308 2.7649 -0.0570 -0.0989 0.3966 0.5596
3280.6140 -1.6344 -1.2328 2.8010 -0.0570 -0.0730 0.3966 0.4779
3280.7140 -1.6285 -1.2348 2.8418 -0.0570 -0.0603 0.3966 0.3950
3280.8140 -1.6227 -1.2365 2.8813 -0.0570 -0.0603 0.3966 0.3953
3280.9140 -1.6149 -1.2383 2.9339 -0.0570 -0.0604 0.3966 0.3959
3281.0140 -1.6090 -1.2394 2.9735 -0.0570 -0.0605 0.3966 0.3963
3281.1140 -1.6030 -1.2403 3.0131 -0.0570 -0.0606 0.3966 0.3967
3281.2140 -1.5970 -1.2410 3.0528 -0.0570 -0.0605 0.3966 0.3967
3281.3140 -1.5909 -1.2414 3.0924 -0.0570 -0.0603 0.3966 0.3950
3281.4140 -1.5850 -1.2416 3.1311 -0.0570 -0.0598 0.3966 0.3920
3281.5140 -1.5790 -1.2415 -3.1126 -0.0570 -0.0602 0.3966 0.3948
3281.6140 -1.5730 -1.2412 -3.0732 -0.0570 -0.0603 0.3966 0.3950
3281.7140 -1.5670 -1.2407 -3.0336 -0.0570 -0.0603 0.3966 0.3954
3281.8140 -1.5630 -1.2402 -3.0071 -0.0570 -0.0604 0.3966 0.3957
3281.9140 -1.5570 -1.2392 -2.9676 -0.0570 -0.0605 0.3966 0.3961
3282.0140 -1.5511 -1.2381 -2.9279 -0.0570 -0.0605 0.3966 0.3965
3282.1140 -1.5432 -1.2362 -2.8752 -0.0570 -0.0605 0.3966 0.3967
3282.2140 -1.5374 -1.2344 -2.8356 -0.0570 -0.0604 0.3966 0.3956
3282.3140 -1.5318 -1.2326 -2.7968 -0.0570 -0.0592 0.3966 0.3884
3282.4140 -1.5281 -1.2311 -2.7704 -0.0570 -0.0603 0.3966 0.3950
3282.5140 -1.5225 -1.2288 -2.7309 -0.0570 -0.0602 0.3966 0.3949
3282.6140 -1.5170 -1.2263 -2.6914 -0.0570 -0.0603 0.3966 0.3953
3282.7140 -1.5116 -1.2236 -2.6519 -0.0570 -0.0604 0.3966 0.3956
3282.8140 -1.5064 -1.2206 -2.6123 -0.0570 -0.0605 0.3966 0.3961
3282.9140 -1.5012 -1.2175 -2.5727 -0.0570 -0.0605 0.3966 0.3965
3283.0140 -1.4945 -1.2130 -2.5200 -0.0570 -0.0606 0.3966 0.3968
3283.1140 -1.4913 -1.2105 -2.4934 -0.0570 -0.0605 0.3966 0.3964
3283.2140 -1.4851 -1.2056 -2.4414 -0.0570 -0.0589 0.3966 0.3864
3283.3140 -1.4806 -1.2016 -2.4020 -0.0570 -0.0602 0.3966 0.3949
3283.4140 -1.4762 -1.1975 -2.3625 -0.0570 -0.0603 0.3966 0.3950
3283.5140 -1.4720 -1.1931 -2.3230 -0.0570 -0.0603 0.3966 0.3953
3283.6140 -1.4680 -1.1887 -2.2834 -0.0570 -0.0604 0.3966 0.3958
3283.7140 -1.4654 -1.1856 -2.2569 -0.0570 -0.0604 0.3966 0.3961
3283.8140 -1.4616 -1.1808 -2.2173 -0.0570 -0.0605 0.3966 0.3964
3283.9140 -1.4581 -1.1759 -2.1776 -0.0570 -0.0606 0.3966 0.3968
3284.0140 -1.4547 -1.1708 -2.1380 -0.0570 -0.0605 0.3966 0.3964
3284.1140 -1.4506 -1.1640 -2.0859 -0.0570 -0.0586 0.3966 0.3838
3284.2140 -1.4478 -1.1587 -2.0465 -0.0570 -0.0603 0.3966 0.3949
3284.3140 -1.4451 -1.1533 -2.0071 -0.0570 -0.0603 0.3966 0.3949
3284.4140 -1.4435 -1.1496 -1.9806 -0.0570 -0.0603 0.3966 0.3951
3284.5140 -1.4412 -1.1441 -1.9411 -0.0570 -0.0604 0.3966 0.3955
3284.6140 -1.4391 -1.1384 -1.9015 -0.0570 -0.0604 0.3966 0.3959
3284.7140 -1.4367 -1.1307 -1.8488 0.0000 -0.0605 0.0000 0.3965
3284.8140 -1.4354 -1.1258 -1.8159 -0.1169 -0.0297 -0.2017 0.1951
3284.9140 -1.4350 -1.1244 -1.8074 -0.1169 -0.0315 -0.2017 0.1264
3285.0140 -1.4331 -1.1162 -1.7951 -0.1169 -0.0919 -0.2017 -0.0282
3285.1140 -1.4315 -1.1092 -1.8041 -0.1169 -0.1155 -0.2017 -0.1973
3285.2140 -1.4278 -1.0944 -1.8307 -0.1169 -0.1149 -0.2017 -0.2022
3285.3140 -1.4247 -1.0833 -1.8510 -0.1169 -0.1150 -0.2017 -0.2026
3285.4140 -1.4225 -1.0759 -1.8645 -0.1169 -0.1150 -0.2017 -0.2028
3285.5140 -1.4191 -1.0649 -1.8847 -0.1169 -0.1149 -0.2017 -0.2014
3285.6140 -1.4155 -1.0541 -1.9045 -0.1169 -0.1148 -0.2017 -0.2002
3285.7140 -1.4103 -1.0397 -1.9311 -0.1169 -0.1150 -0.2017 -0.2003
3285.8140 -1.4075 -1.0325 -1.9445 -0.1169 -0.1150 -0.2017 -0.2004
3285.9140 -1.4017 -1.0184 -1.9712 -0.1169 -0.1152 -0.2017 -0.2006
3286.0140 -1.3971 -1.0078 -1.9913 -0.1169 -0.1153 -0.2017 -0.2008
3286.1140 -1.3939 -1.0008 -2.0047 -0.1169 -0.1154 -0.2017 -0.2009
3286.2140 -1.3889 -0.9904 -2.0248 -0.1169 -0.1152 -0.2017 -0.2005
3286.3140 -1.3821 -0.9767 -2.0513 -0.1169 -0.1141 -0.2017 -0.2057
3286.4140 -1.3785 -0.9700 -2.0650 -0.1169 -0.1151 -0.2017 -0.1990
3286.5140 -1.3711 -0.9566 -2.0917 -0.1169 -0.1148 -0.2017 -0.2016
3286.6140 -1.3652 -0.9467 -2.1119 -0.1169 -0.1149 -0.2017 -0.2020
3286.7140 -1.3592 -0.9369 -2.1321 -0.1169 -0.1151 -0.2017 -0.2021
3286.8140 -1.3551 -0.9304 -2.1456 -0.1169 -0.1151 -0.2017 -0.2022
3286.9140 -1.3466 -0.9177 -2.1724 -0.1169 -0.1149 -0.2017 -0.1998
3287.0140 -1.3400 -0.9083 -2.1921 -0.1169 -0.1150 -0.2017 -0.2001
3287.1140 -1.3332 -0.8990 -2.2121 -0.1169 -0.1151 -0.2017 -0.1995
3287.2140 -1.3285 -0.8929 -2.2255 -0.1169 -0.1151 -0.2017 -0.1997
3287.3140 -1.3190 -0.8808 -2.2521 -0.1169 -0.1152 -0.2017 -0.2004
3287.4140 -1.3141 -0.8749 -2.2655 -0.1169 -0.1152 -0.2017 -0.2009
3287.5140 -1.3042 -0.8633 -2.2927 -0.1169 -0.1135 -0.2017 -0.2130
3287.6140 -1.2965 -0.8548 -2.3132 -0.1169 -0.1150 -0.2017 -0.2022
3287.7140 -1.2887 -0.8464 -2.3332 -0.1169 -0.1148 -0.2017 -0.2014
3287.8140 -1.2807 -0.8382 -2.3533 -0.1169 -0.1148 -0.2017 -0.2010
3287.9140 -1.2725 -0.8301 -2.3734 -0.1169 -0.1149 -0.2017 -0.2011
3288.0140 -1.2669 -0.8248 -2.3869 -0.1169 -0.1150 -0.2017 -0.2012
3288.1140 -1.2585 -0.8170 -2.4070 -0.1169 -0.1151 -0.2017 -0.2013
3288.2140 -1.2470 -0.8069 -2.4338 -0.1169 -0.1153 -0.2017 -0.2014
3288.3140 -1.2381 -0.7995 -2.4539 -0.1169 -0.1152 -0.2017 -0.2004
3288.4140 -1.2321 -0.7946 -2.4671 -0.1169 -0.1144 -0.2017 -0.1940
3288.5140 -1.2231 -0.7876 -2.4871 -0.1169 -0.1151 -0.2017 -0.1992
3288.6140 -1.2139 -0.7806 -2.5070 -0.1169 -0.1150 -0.2017 -0.2000
3288.7140 -1.2015 -0.7718 -2.5345 -0.1169 -0.1133 -0.2017 -0.2122
3288.8140 -1.1920 -0.7654 -2.5548 -0.1169 -0.1150 -0.2017 -0.2023
3288.9140 -1.1856 -0.7611 -2.5684 -0.1169 -0.1150 -0.2017 -0.2028
3289.0140 -1.1759 -0.7550 -2.5886 -0.1169 -0.1150 -0.2017 -0.2026
3289.1140 -1.1628 -0.7472 -2.6153 -0.1169 -0.1152 -0.2017 -0.2030
3289.2140 -1.1528 -0.7415 -2.6354 0.0000 -0.1149 0.0000 -0.2003
3289.3140 -1.1444 -0.7370 -2.6574 -0.0975 -0.0562 -1.1736 -0.2433
3289.4140 -1.1432 -0.7363 -2.6655 -0.0975 -0.0289 -1.1736 -0.2129
3289.5140 -1.1422 -0.7358 -2.7251 -0.0975 -0.0275 -1.1736 -0.7301
3289.6140 -1.1371 -0.7339 -2.8176 -0.0975 -0.0771 -1.1736 -1.0978
3289.7140 -1.1261 -0.7312 -2.9721 -0.0975 -0.0866 -1.1736 -1.1686
3289.8140 -1.1203 -0.7304 -3.0505 -0.0975 -0.0867 -1.1736 -1.1696
3289.9140 -1.1088 -0.7303 3.0771 -0.0975 -0.0869 -1.1736 -1.1707
3290.0140 -1.1002 -0.7314 2.9600 -0.0975 -0.0871 -1.1736 -1.1708
3290.1140 -1.0917 -0.7334 2.8432 -0.0975 -0.0874 -1.1736 -1.1637
3290.2140 -1.0834 -0.7365 2.7279 -0.0975 -0.0888 -1.1736 -1.1569
3290.3140 -1.0781 -0.7391 2.6498 -0.0975 -0.0871 -1.1736 -1.1692
3290.4140 -1.0707 -0.7436 2.5328 -0.0975 -0.0873 -1.1736 -1.1696
3290.5140 -1.0639 -0.7490 2.4160 -0.0975 -0.0862 -1.1736 -1.1617
3290.6140 -1.0577 -0.7552 2.2993 -0.0975 -0.0870 -1.1736 -1.1681
3290.7140 -1.0523 -0.7620 2.1824 -0.0975 -0.0871 -1.1736 -1.1693
3290.8140 -1.0464 -0.7720 2.0268 -0.0975 -0.0871 -1.1736 -1.1702
3290.9140 -1.0431 -0.7800 1.9101 -0.0975 -0.0868 -1.1736 -1.1686
3291.0140 -1.0414 -0.7855 1.8318 -0.0975 -0.0868 -1.1736 -1.1692
3291.1140 -1.0393 -0.7969 1.6762 -0.0975 -0.0870 -1.1736 -1.1708
3291.2140 -1.0389 -0.8027 1.5977 -0.0975 -0.0870 -1.1736 -1.1713
3291.3140 -1.0395 -0.8142 1.4423 -0.0975 -0.0867 -1.1736 -1.1691
3291.4140 -1.0412 -0.8227 1.3253 -0.0975 -0.0869 -1.1736 -1.1698
3291.5140 -1.0438 -0.8310 1.2083 -0.0975 -0.0871 -1.1736 -1.1702
3291.6140 -1.0474 -0.8390 1.0917 -0.0975 -0.0894 -1.1736 -1.1549
3291.7140 -1.0517 -0.8466 0.9759 -0.0975 -0.0869 -1.1736 -1.1683
3291.8140 -1.0552 -0.8513 0.8977 -0.0975 -0.0871 -1.1736 -1.1683
3291.9140 -1.0610 -0.8578 0.7808 -0.0975 -0.0872 -1.1736 -1.1691
3292.0140 -1.0676 -0.8636 0.6638 -0.0975 -0.0873 -1.1736 -1.1695
3292.1140 -1.0747 -0.8685 0.5472 -0.0975 -0.0869 -1.1736 -1.1679
3292.2140 -1.0824 -0.8726 0.4303 -0.0975 -0.0870 -1.1736 -1.1689
3292.3140 -1.0905 -0.8757 0.3134 -0.0975 -0.0871 -1.1736 -1.1700
3292.4140 -1.0989 -0.8779 0.1963 -0.0975 -0.0871 -1.1736 -1.1704
3292.5140 -1.1075 -0.8791 0.0796 -0.0975 -0.0867 -1.1736 -1.1689
3292.6140 -1.1161 -0.8792 -0.0373 -0.0975 -0.0868 -1.1736 -1.1699
3292.7140 -1.1276 -0.8779 -0.1930 -0.0975 -0.0870 -1.1736 -1.1714
3292.8140 -1.1333 -0.8765 -0.2715 -0.0975 -0.0870 -1.1736 -1.1712
3292.9140 -1.1441 -0.8726 -0.4269 -0.0975 -0.0868 -1.1736 -1.1690
3293.0140 -1.1493 -0.8700 -0.5052 -0.0975 -0.0870 -1.1736 -1.1692
3293.1140 -1.1591 -0.8635 -0.6598 0.0000 -0.0893 0.0000 -1.1567
3293.2140 -1.1636 -0.8597 -0.7358 0.1571 -0.0880 1.7514 -1.0527
3293.3140 -1.1719 -0.8512 -0.8454 0.1571 -0.0879 1.7514 -0.6002
3293.4140 -1.1769 -0.8452 -0.8867 0.1571 -0.0632 1.7514 -0.1858
3293.5140 -1.1798 -0.8418 -0.8744 0.1571 -0.0324 1.7514 0.4114
3293.6140 -1.1810 -0.8403 -0.8424 0.1571 -0.0275 1.7514 0.4922
3293.7140 -1.1817 -0.8396 -0.7571 0.1571 0.0226 1.7514 0.8642
3293.8140 -1.1785 -0.8423 -0.6560 0.1571 0.0529 1.7514 1.0883
3293.9140 -1.1735 -0.8457 -0.5417 0.1571 0.0762 1.7514 1.2623
3294.0140 -1.1644 -0.8503 -0.3968 0.1571 0.1242 1.7514 1.6183
3294.1140 -1.1519 -0.8543 -0.2288 0.1571 0.1378 1.7514 1.7201
3294.2140 -1.1379 -0.8563 -0.0544 0.1571 0.1413 1.7514 1.7464
3294.3140 -1.1285 -0.8563 0.0627 0.1571 0.1415 1.7514 1.7476
3294.4140 -1.1145 -0.8542 0.2371 0.1571 0.1412 1.7514 1.7445
3294.5140 -1.1011 -0.8497 0.4116 0.1571 0.1415 1.7514 1.7459
3294.6140 -1.0887 -0.8430 0.5862 0.1571 0.1414 1.7514 1.7433
3294.7140 -1.0744 -0.8309 0.8180 0.1571 0.1416 1.7514 1.7446
3294.8140 -1.0656 -0.8198 0.9926 0.1571 0.1418 1.7514 1.7460
3294.9140 -1.0589 -0.8073 1.1669 0.1571 0.1414 1.7514 1.7442
3295.0140 -1.0545 -0.7939 1.3414 0.1571 0.1416 1.7514 1.7462
3295.1140 -1.0525 -0.7799 1.5158 0.1571 0.1409 1.7514 1.7426
3295.2140 -1.0525 -0.7705 1.6327 0.1571 0.1413 1.7514 1.7453
3295.3140 -1.0558 -0.7520 1.8650 0.1571 0.1415 1.7514 1.7476
3295.4140 -1.0610 -0.7389 2.0394 0.1571 0.1412 1.7514 1.7450
3295.5140 -1.0685 -0.7269 2.2140 0.1571 0.1416 1.7514 1.7460
3295.6140 -1.0778 -0.7163 2.3883 0.1571 0.1406 1.7514 1.7356
3295.7140 -1.0850 -0.7101 2.5051 0.1571 0.1414 1.7514 1.7442
3295.8140 -1.1013 -0.7008 2.7372 0.1571 0.1418 1.7514 1.7457
3295.9140 -1.1147 -0.6963 2.9115 0.1571 0.1414 1.7514 1.7436
3296.0140 -1.1241 -0.6947 3.0284 0.1571 0.1415 1.7514 1.7450
3296.1140 -1.1382 -0.6943 -3.0802 0.1571 0.1417 1.7514 1.7465
3296.2140 -1.1521 -0.6964 -2.9059 0.1571 0.1413 1.7514 1.7447
3296.3140 -1.1655 -0.7009 -2.7313 0.1571 0.1415 1.7514 1.7467
3296.4140 -1.1818 -0.7103 -2.4992 0.1571 0.1411 1.7514 1.7450
3296.5140 -1.1890 -0.7163 -2.3823 0.1571 0.1413 1.7514 1.7460
3296.6140 -1.2011 -0.7307 -2.1500 0.1571 0.1413 1.7514 1.7423
3296.7140 -1.2079 -0.7431 -1.9759 0.1571 0.1418 1.7514 1.7421
3296.8140 -1.2111 -0.7520 -1.8590 0.1571 0.1417 1.7514 1.7457
3296.9140 -1.2143 -0.7705 -1.6270 0.1571 0.1414 1.7514 1.7433
3297.0140 -1.2143 -0.7800 -1.5102 0.1571 0.1415 1.7514 1.7445
3297.1140 -1.2110 -0.7985 -1.2780 0.1571 0.1415 1.7514 1.7451
3297.2140 -1.2058 -0.8116 -1.1037 0.1571 0.1414 1.7514 1.7448
3297.3140 -1.1984 -0.8236 -0.9291 0.0000 0.1416 0.0000 1.7468
3297.4140 -1.1886 -0.8347 -0.7677 0.1180 0.1590 -1.6021 1.3749
3297.5140 -1.1802 -0.8421 -0.6871 0.1180 0.1749 -1.6021 1.0430
3297.6140 -1.1652 -0.8534 -0.6123 0.1180 0.1966 -1.6021 0.4551
3297.7140 -1.1426 -0.8690 -0.6210 0.1180 0.2059 -1.6021 -0.5457
3297.8140 -1.1276 -0.8805 -0.7035 0.1180 0.1766 -1.6021 -1.1550
3297.9140 -1.1164 -0.8913 -0.8457 0.1180 0.1323 -1.6021 -1.5967
3298.0140 -1.1109 -0.8982 -0.9527 0.1180 0.1323 -1.6021 -1.5974
3298.1150 -1.1042 -0.9095 -1.1122 0.1180 0.1323 -1.6021 -1.5979
3298.2140 -1.0993 -0.9217 -1.2719 0.1180 0.1321 -1.6021 -1.5973
3298.3140 -1.0959 -0.9390 -1.4843 0.1180 0.1321 -1.6021 -1.5967
3298.4140 -1.0956 -0.9521 -1.6437 0.1180 0.1326 -1.6021 -1.5926
3298.5140 -1.0975 -0.9652 -1.8033 0.1180 0.1325 -1.6021 -1.5958
3298.6140 -1.1016 -0.9778 -1.9629 0.1180 0.1323 -1.6021 -1.5949
3298.7140 -1.1054 -0.9858 -2.0696 0.1180 0.1322 -1.6021 -1.5950
3298.8140 -1.1126 -0.9968 -2.2292 0.1180 0.1323 -1.6021 -1.5963
3298.9140 -1.1247 -1.0095 -2.4415 0.1180 0.1321 -1.6021 -1.5960
3299.0150 -1.1354 -1.0172 -2.6010 0.1180 0.1320 -1.6021 -1.5966
3299.1140 -1.1473 -1.0231 -2.7607 0.1180 0.1322 -1.6021 -1.5977
3299.2140 -1.1515 -1.0246 -2.8150 0.1180 0.1322 -1.6021 -1.5980
3299.3140 -1.1685 -1.0286 -3.0273 0.1180 0.1317 -1.6021 -1.5988
3299.4150 -1.1817 -1.0291 3.0963 0.1180 0.1323 -1.6021 -1.5960
3299.5140 -1.1991 -1.0264 2.8841 0.1180 0.1322 -1.6021 -1.5942
3299.6140 -1.2075 -1.0238 2.7774 0.1180 0.1322 -1.6021 -1.5953
3299.7140 -1.2195 -1.0181 2.6178 0.1180 0.1323 -1.6021 -1.5962
3299.8140 -1.2303 -1.0106 2.4582 0.1180 0.1323 -1.6021 -1.5970
3299.9140 -1.2427 -0.9982 2.2460 0.1180 0.1321 -1.6021 -1.5965
3300.0140 -1.2501 -0.9873 2.0863 0.1180 0.1322 -1.6021 -1.5977
3300.1140 -1.2557 -0.9753 1.9265 0.1180 0.1319 -1.6021 -1.5956
3300.2140 -1.2593 -0.9627 1.7671 0.1180 0.1320 -1.6021 -1.5970
3300.3140 -1.2606 -0.9539 1.6602 0.1180 0.1324 -1.6021 -1.5956
3300.4150 -1.2603 -0.9363 1.4480 0.1180 0.1321 -1.6021 -1.5933
3300.5140 -1.2577 -0.9234 1.2887 0.1180 0.1323 -1.6021 -1.5954
3300.6140 -1.2548 -0.9150 1.1818 0.1180 0.1323 -1.6021 -1.5962
3300.7140 -1.2488 -0.9032 1.0221 0.1180 0.1323 -1.6021 -1.5967
3300.8150 -1.2382 -0.8893 0.8099 0.1180 0.1321 -1.6021 -1.5965
3300.9140 -1.2318 -0.8832 0.7030 0.1180 0.1322 -1.6021 -1.5973
3301.0140 -1.2173 -0.8733 0.4905 0.1180 0.1317 -1.6021 -1.5945
3301.1140 -1.2052 -0.8681 0.3310 0.1180 0.1321 -1.6021 -1.5967
3301.2140 -1.1924 -0.8648 0.1715 0.1180 0.1326 -1.6021 -1.5954
3301.3140 -1.1836 -0.8637 0.0645 0.1180 0.1324 -1.6021 -1.5956
3301.4140 -1.1661 -0.8644 -0.1474 0.1180 0.1323 -1.6021 -1.5953
3301.5140 -1.1532 -0.8674 -0.3070 0.1180 0.1324 -1.6021 -1.5966
3301.6140 -1.1410 -0.8723 -0.4666 0.1180 0.1317 -1.6021 -1.5927
3301.7140 -1.1297 -0.8792 -0.6261 0.1180 0.1321 -1.6021 -1.5964
3301.8150 -1.1228 -0.8847 -0.7331 0.1180 0.1322 -1.6021 -1.5972
3301.9140 -1.1111 -0.8977 -0.9455 0.1180 0.1315 -1.6021 -1.5931
3302.0140 -1.1042 -0.9090 -1.1050 0.1180 0.1321 -1.6021 -1.5968
3302.1140 -1.0992 -0.9212 -1.2646 0.1180 0.1325 -1.6021 -1.5963
3302.2140 -1.0962 -0.9341 -1.4242 0.1180 0.1315 -1.6021 -1.5898
3302.3150 -1.0953 -0.9473 -1.5835 0.1180 0.1323 -1.6021 -1.5953
3302.4140 -1.0959 -0.9561 -1.6904 0.1180 0.1324 -1.6021 -1.5961
3302.5140 -1.0985 -0.9691 -1.8500 0.1180 0.1323 -1.6021 -1.5960
3302.6140 -1.1031 -0.9814 -2.0094 0.1180 0.1321 -1.6021 -1.5961
3302.7140 -1.1096 -0.9929 -2.1691 0.1180 0.1322 -1.6021 -1.5972
3302.8140 -1.1179 -1.0032 -2.3288 0.1180 0.1321 -1.6021 -1.5971
3302.9140 -1.1312 -1.0146 -2.5411 0.1180 0.1321 -1.6021 -1.5969
3303.0140 -1.1427 -1.0212 -2.7009 0.1180 0.1325 -1.6021 -1.5960
3303.1140 -1.1509 -1.0245 -2.8077 0.1180 0.1323 -1.6021 -1.5954
3303.2140 -1.1636 -1.0279 -2.9670 0.1180 0.1323 -1.6021 -1.5949
3303.3140 -1.1768 -1.0291 -3.1266 0.1180 0.1324 -1.6021 -1.5961
3303.4140 -1.1900 -1.0283 2.9970 0.0000 0.1322 0.0000 -1.5955
3303.5140 -1.2029 -1.0254 2.8421 -0.0353 0.1319 1.7637 -1.3716
3303.6140 -1.2151 -1.0209 2.7432 -0.0353 0.1237 1.7637 -0.6575
3303.7140 -1.2299 -1.0142 2.7201 -0.0353 0.1222 1.7637 0.2333
3303.8140 -1.2419 -1.0092 2.7666 -0.0353 0.1305 1.7637 0.5723
3303.9140 -1.2526 -1.0053 2.8358 -0.0353 0.0912 1.7637 0.8643
3304.0140 -1.2585 -1.0037 2.9402 -0.0353 0.0315 1.7637 1.2160
3304.1140 -1.2595 -1.0035 3.0283 -0.0353 0.0046 1.7637 1.3930
3304.2140 -1.2592 -1.0035 -3.0632 -0.0353 -0.0132 1.7637 1.5110
3304.3140 -1.2558 -1.0029 -2.8982 -0.0353 -0.0509 1.7637 1.7585
3304.4140 -1.2510 -1.0012 -2.7226 -0.0353 -0.0516 1.7637 1.7556
3304.5140 -1.2465 -0.9987 -2.5470 -0.0353 -0.0512 1.7637 1.7567
3304.6140 -1.2438 -0.9966 -2.4293 -0.0353 -0.0510 1.7637 1.7565
3304.7140 -1.2393 -0.9916 -2.1956 -0.0353 -0.0510 1.7637 1.7585
3304.8140 -1.2367 -0.9872 -2.0197 -0.0353 -0.0509 1.7637 1.7585
3304.9140 -1.2348 -0.9825 -1.8444 -0.0353 -0.0512 1.7637 1.7551
3305.0140 -1.2341 -0.9791 -1.7268 -0.0353 -0.0511 1.7637 1.7562
3305.1140 -1.2337 -0.9740 -1.5511 -0.0353 -0.0511 1.7637 1.7577
3305.2140 -1.2343 -0.9690 -1.3753 -0.0353 -0.0509 1.7637 1.7578
3305.3140 -1.2357 -0.9641 -1.1997 -0.0353 -0.0508 1.7637 1.7577
3305.4140 -1.2389 -0.9581 -0.9662 -0.0353 -0.0513 1.7637 1.7565
3305.5140 -1.2422 -0.9542 -0.7905 -0.0353 -0.0512 1.7637 1.7574
3305.6140 -1.2461 -0.9509 -0.6149 -0.0353 -0.0509 1.7637 1.7571
3305.7140 -1.2490 -0.9491 -0.4972 -0.0353 -0.0508 1.7637 1.7578
3305.8140 -1.2537 -0.9471 -0.3214 -0.0353 -0.0510 1.7637 1.7586
3305.9140 -1.2587 -0.9460 -0.1458 -0.0353 -0.0513 1.7637 1.7567
3306.0140 -1.2654 -0.9458 0.0876 -0.0353 -0.0510 1.7637 1.7566
3306.1140 -1.2704 -0.9467 0.2633 -0.0353 -0.0510 1.7637 1.7579
3306.2140 -1.2752 -0.9485 0.4391 -0.0353 -0.0510 1.7637 1.7593
3306.3140 -1.2797 -0.9510 0.6145 -0.0353 -0.0521 1.7637 1.7466
3306.4140 -1.2836 -0.9543 0.7901 -0.0353 -0.0511 1.7637 1.7562
3306.5140 -1.2858 -0.9569 0.9078 -0.0353 -0.0511 1.7637 1.7572
3306.6140 -1.2893 -0.9627 1.1416 -0.0353 -0.0510 1.7637 1.7581
3306.7140 -1.2905 -0.9658 1.2592 -0.0353 -0.0506 1.7637 1.7567
3306.8140 -1.2918 -0.9725 1.4926 -0.0353 -0.0511 1.7637 1.7565
3306.9140 -1.2919 -0.9759 1.6103 -0.0353 -0.0513 1.7637 1.7569
3307.0140 -1.2908 -0.9826 1.8439 -0.0353 -0.0501 1.7637 1.7513
3307.1140 -1.2897 -0.9858 1.9615 -0.0353 -0.0508 1.7637 1.7575
3307.2140 -1.2864 -0.9917 2.1953 -0.0353 -0.0510 1.7637 1.7583
3307.3140 -1.2830 -0.9956 2.3707 -0.0353 -0.0513 1.7637 1.7568
3307.4140 -1.2791 -0.9988 2.5462 -0.0353 -0.0510 1.7637 1.7561
3307.5140 -1.2761 -1.0005 2.6639 -0.0353 -0.0509 1.7637 1.7569
3307.6140 -1.2714 -1.0024 2.8397 -0.0353 -0.0510 1.7637 1.7585
3307.7140 -1.2664 -1.0035 3.0156 -0.0353 -0.0510 1.7637 1.7588
3307.8140 -1.2613 -1.0037 -3.0924 -0.0353 -0.0511 1.7637 1.7559
3307.9140 -1.2547 -1.0026 -2.8588 -0.0353 -0.0511 1.7637 1.7572
3308.0140 -1.2499 -1.0007 -2.6830 -0.0353 -0.0511 1.7637 1.7586
3308.1140 -1.2456 -0.9981 -2.5073 -0.0353 -0.0510 1.7637 1.7593
3308.2140 -1.2430 -0.9959 -2.3895 -0.0353 -0.0510 1.7637 1.7563
3308.3140 -1.2395 -0.9921 -2.2142 -0.0353 -0.0513 1.7637 1.7564
3308.4140 -1.2368 -0.9877 -2.0385 -0.0353 -0.0512 1.7637 1.7576
3308.5140 -1.2350 -0.9830 -1.8629 -0.0353 -0.0509 1.7637 1.7572
3308.6140 -1.2340 -0.9780 -1.6871 0.0000 -0.0508 0.0000 1.7580
3308.7140 -1.2338 -0.9732 -1.5147 0.1474 -0.0360 0.4348 1.5608
3308.8140 -1.2340 -0.9713 -1.3905 0.1474 -0.0003 0.4348 0.9846
3308.9140 -1.2326 -0.9767 -1.2701 0.1474 0.0836 0.4348 0.8236
3309.0140 -1.2304 -0.9831 -1.2228 0.1474 0.1199 0.4348 0.5871
3309.1140 -1.2235 -1.0004 -1.1621 0.1474 0.1436 0.4348 0.4340
3309.2140 -1.2175 -1.0135 -1.1188 0.1474 0.1426 0.4348 0.4259
3309.3140 -1.2110 -1.0262 -1.0757 0.1474 0.1435 0.4348 0.4318
3309.4140 -1.2039 -1.0387 -1.0325 0.1474 0.1436 0.4348 0.4323
3309.5140 -1.1988 -1.0469 -1.0035 0.1474 0.1437 0.4348 0.4327
3309.6140 -1.1909 -1.0588 -0.9602 0.1474 0.1437 0.4348 0.4336
3309.7140 -1.1824 -1.0704 -0.9169 0.1474 0.1435 0.4348 0.4339
3309.8140 -1.1735 -1.0815 -0.8729 0.1474 0.1418 0.4348 0.4425
3309.9140 -1.1609 -1.0958 -0.8151 0.1474 0.1433 0.4348 0.4341
3310.0140 -1.1508 -1.1060 -0.7717 0.1474 0.1434 0.4348 0.4348
3310.1140 -1.1403 -1.1158 -0.7282 0.1474 0.1435 0.4348 0.4348
3310.2140 -1.1294 -1.1251 -0.6850 0.1474 0.1425 0.4348 0.4272
3310.3140 -1.1181 -1.1339 -0.6417 0.1474 0.1433 0.4348 0.4326
3310.4140 -1.1104 -1.1395 -0.6127 0.1474 0.1434 0.4348 0.4328
3310.5140 -1.0985 -1.1475 -0.5694 0.1474 0.1436 0.4348 0.4332
3310.6140 -1.0821 -1.1574 -0.5118 0.1474 0.1438 0.4348 0.4332
3310.7140 -1.0736 -1.1620 -0.4828 0.1474 0.1434 0.4348 0.4304
3310.8140 -1.0565 -1.1703 -0.4255 0.1474 0.1435 0.4348 0.4318
3310.9140 -1.0477 -1.1742 -0.3966 0.1474 0.1435 0.4348 0.4326
3311.0140 -1.0299 -1.1810 -0.3385 0.1474 0.1436 0.4348 0.4333
3311.1140 -1.0208 -1.1841 -0.3094 0.1474 0.1435 0.4348 0.4350
3311.2140 -1.0071 -1.1881 -0.2660 0.1474 0.1429 0.4348 0.4309
3311.3140 -0.9932 -1.1916 -0.2228 0.1474 0.1432 0.4348 0.4332
3311.4140 -0.9792 -1.1945 -0.1795 0.1474 0.1433 0.4348 0.4335
3311.5140 -0.9650 -1.1967 -0.1361 0.1474 0.1435 0.4348 0.4338
3311.6140 -0.9507 -1.1984 -0.0927 0.1474 0.1436 0.4348 0.4340
3311.7140 -0.9317 -1.1996 -0.0354 0.1474 0.1433 0.4348 0.4310
3311.8140 -0.9221 -1.1998 -0.0065 0.1474 0.1435 0.4348 0.4317
3311.9140 -0.9030 -1.1994 0.0510 0.1474 0.1437 0.4348 0.4323
3312.0140 -0.8887 -1.1983 0.0943 0.1474 0.1437 0.4348 0.4332
3312.1140 -0.8744 -1.1967 0.1376 0.1474 0.1437 0.4348 0.4335
3312.2140 -0.8603 -1.1944 0.1806 0.1474 0.1429 0.4348 0.4382
3312.3140 -0.8462 -1.1915 0.2239 0.1474 0.1432 0.4348 0.4334
3312.4140 -0.8369 -1.1893 0.2530 0.1474 0.1433 0.4348 0.4340
3312.5140 -0.8231 -1.1854 0.2964 0.1474 0.1434 0.4348 0.4346
3312.6140 -0.8095 -1.1809 0.3398 0.1474 0.1435 0.4348 0.4346
3312.7140 -0.7917 -1.1741 0.3972 0.1474 0.1435 0.4348 0.4336
3312.8140 -0.7786 -1.1682 0.4405 0.1474 0.1434 0.4348 0.4325
3312.9140 -0.7658 -1.1618 0.4838 0.1474 0.1436 0.4348 0.4328
3313.0140 -0.7532 -1.1549 0.5271 0.1474 0.1438 0.4348 0.4331
3313.1140 -0.7410 -1.1474 0.5704 0.0000 0.1437 0.0000 0.4329
3313.2140 -0.7297 -1.1398 0.6189 0.1718 0.1191 0.9921 0.5682
3313.3140 -0.7239 -1.1355 0.6570 0.1718 0.0989 0.9921 0.5132
3313.4140 -0.7115 -1.1251 0.7481 0.1718 0.1529 0.9921 0.9129
3313.5140 -0.7002 -1.1135 0.8463 0.1718 0.1632 0.9921 0.9888
3313.6140 -0.6900 -1.1008 0.9449 0.1718 0.1628 0.9921 0.9863
3313.7140 -0.6811 -1.0871 1.0437 0.1718 0.1630 0.9921 0.9880
3313.8140 -0.6736 -1.0726 1.1426 0.1718 0.1631 0.9921 0.9894
3313.9140 -0.6675 -1.0575 1.2414 0.1718 0.1621 0.9921 0.9810
3314.0140 -0.6629 -1.0420 1.3410 0.1718 0.1604 0.9921 1.0039
3314.1140 -0.6600 -1.0262 1.4409 0.1718 0.1628 0.9921 0.9911
3314.2140 -0.6590 -1.0153 1.5072 0.1718 0.1631 0.9921 0.9894
3314.3140 -0.6590 -0.9937 1.6386 0.1718 0.1627 0.9921 0.9884
3314.4140 -0.6609 -0.9775 1.7375 0.1718 0.1628 0.9921 0.9897
3314.5140 -0.6644 -0.9616 1.8365 0.1718 0.1629 0.9921 0.9906
3314.6140 -0.6676 -0.9512 1.9027 0.1718 0.1621 0.9921 0.9851
3314.7140 -0.6736 -0.9361 2.0016 0.1718 0.1627 0.9921 0.9891
3314.8140 -0.6811 -0.9217 2.1005 0.1718 0.1629 0.9921 0.9902
3314.9140 -0.6933 -0.9038 2.2320 0.1718 0.1624 0.9921 0.9872
3315.0140 -0.7002 -0.8954 2.2983 0.1718 0.1627 0.9921 0.9885
3315.1140 -0.7156 -0.8802 2.4298 0.1718 0.1630 0.9921 0.9899
3315.2140 -0.7285 -0.8702 2.5288 0.1718 0.1627 0.9921 0.9877
3315.3140 -0.7422 -0.8615 2.6275 0.1718 0.1627 0.9921 0.9884
3315.4140 -0.7568 -0.8542 2.7264 0.1718 0.1629 0.9921 0.9893
3315.5140 -0.7669 -0.8501 2.7927 0.1718 0.1631 0.9921 0.9899
3315.6140 -0.7877 -0.8441 2.9240 0.1718 0.1628 0.9921 0.9878
3315.7140 -0.8037 -0.8413 3.0229 0.1718 0.1629 0.9921 0.9887
3315.8140 -0.8146 -0.8404 3.0891 0.1718 0.1631 0.9921 0.9893
3315.9140 -0.8309 -0.8403 -3.0952 0.1718 0.1623 0.9921 0.9830
3316.0140 -0.8524 -0.8427 -2.9640 0.1718 0.1630 0.9921 0.9880
3316.1140 -0.8683 -0.8464 -2.8651 0.1718 0.1632 0.9921 0.9890
3316.2140 -0.8837 -0.8516 -2.7663 0.1718 0.1622 0.9921 0.9814
3316.3140 -0.8985 -0.8583 -2.6677 0.1718 0.1630 0.9921 0.9874
3316.4140 -0.9127 -0.8664 -2.5689 0.1718 0.1632 0.9921 0.9884
3316.5140 -0.9259 -0.8759 -2.4701 0.1718 0.1632 0.9921 0.9883
3316.6140 -0.9342 -0.8830 -2.4040 0.1718 0.1629 0.9921 0.9860
3316.7140 -0.9457 -0.8945 -2.3053 0.1718 0.1631 0.9921 0.9874
3316.8140 -0.9561 -0.9071 -2.2065 0.1718 0.1633 0.9921 0.9885
3316.9140 -0.9678 -0.9254 -2.0752 0.1718 0.1629 0.9921 0.9863
3317.0140 -0.9749 -0.9400 -1.9765 0.1718 0.1631 0.9921 0.9877
3317.1140 -0.9806 -0.9553 -1.8777 0.1718 0.1632 0.9921 0.9890
3317.2140 -0.9836 -0.9658 -1.8114 0.0000 0.1631 0.0000 0.9886
3317.3140 -0.9867 -0.9816 -1.7142 0.1370 0.1495 1.5475 0.9031
3317.4140 -0.9881 -0.9943 -1.6387 0.1370 0.1057 1.5475 0.6010
3317.5140 -0.9884 -1.0052 -1.5575 0.1370 0.1159 1.5475 1.1026
3317.6140 -0.9867 -1.0213 -1.3654 0.1370 0.1233 1.5475 1.5412
3317.7140 -0.9833 -1.0331 -1.2115 0.1370 0.1232 1.5475 1.5409
3317.8140 -0.9781 -1.0443 -1.0573 0.1370 0.1234 1.5475 1.5426
3317.9140 -0.9713 -1.0545 -0.9031 0.1370 0.1226 1.5475 1.5377
3318.0140 -0.9630 -1.0635 -0.7490 0.1370 0.1231 1.5475 1.5419
3318.1140 -0.9566 -1.0688 -0.6457 0.1370 0.1232 1.5475 1.5430
3318.2140 -0.9427 -1.0773 -0.4405 0.1370 0.1219 1.5475 1.5347
3318.3140 -0.9312 -1.0817 -0.2864 0.1370 0.1230 1.5475 1.5425
3318.4140 -0.9192 -1.0842 -0.1321 0.1370 0.1233 1.5475 1.5436
3318.5140 -0.9069 -1.0850 0.0220 0.1370 0.1225 1.5475 1.5409
3318.6140 -0.8987 -1.0845 0.1254 0.1370 0.1231 1.5475 1.5417
3318.7140 -0.8866 -1.0820 0.2796 0.1370 0.1234 1.5475 1.5423
3318.8140 -0.8714 -1.0760 0.4845 0.1370 0.1232 1.5475 1.5405
3318.9140 -0.8610 -1.0694 0.6385 0.1370 0.1233 1.5475 1.5415
3319.0140 -0.8517 -1.0613 0.7928 0.1370 0.1234 1.5475 1.5429
3319.1140 -0.8462 -1.0552 0.8960 0.1370 0.1220 1.5475 1.5335
3319.2140 -0.8373 -1.0415 1.1010 0.1370 0.1232 1.5475 1.5424
3319.3140 -0.8340 -1.0339 1.2044 0.1370 0.1233 1.5475 1.5436
3319.4140 -0.8297 -1.0182 1.4094 0.1370 0.1229 1.5475 1.5418
3319.5140 -0.8286 -1.0059 1.5637 0.1370 0.1231 1.5475 1.5433
3319.6140 -0.8295 -0.9936 1.7180 0.1370 0.1233 1.5475 1.5439
3319.7140 -0.8322 -0.9817 1.8720 0.1370 0.1231 1.5475 1.5407
3319.8140 -0.8367 -0.9702 2.0262 0.1370 0.1233 1.5475 1.5424
3319.9140 -0.8407 -0.9630 2.1296 0.1370 0.1235 1.5475 1.5427
3320.0140 -0.8480 -0.9531 2.2836 0.1370 0.1232 1.5475 1.5400
3320.1140 -0.8599 -0.9418 2.4885 0.1370 0.1234 1.5475 1.5420
3320.2140 -0.8667 -0.9372 2.5919 0.1370 0.1235 1.5475 1.5427
3320.3140 -0.8815 -0.9301 2.7968 0.1370 0.1231 1.5475 1.5414
3320.4140 -0.8933 -0.9268 2.9510 0.1370 0.1233 1.5475 1.5430
3320.5140 -0.9015 -0.9256 3.0544 0.1370 0.1233 1.5475 1.5437
3320.6140 -0.9178 -0.9259 -3.0239 0.0000 0.1230 0.0000 1.5424
3320.7140 -0.9258 -0.9272 -2.9257 -0.1945 0.1171 1.1631 1.2464
3320.8140 -0.9379 -0.9306 -2.8139 -0.1945 0.0545 1.1631 0.6878
3320.9150 -0.9402 -0.9314 -2.7521 -0.1945 -0.0019 1.1631 0.5142
3321.0140 -0.9382 -0.9305 -2.7168 -0.1945 -0.0482 1.1631 0.2544
3321.1140 -0.9339 -0.9285 -2.6968 -0.1945 -0.0889 1.1631 0.4022
3321.2140 -0.9237 -0.9233 -2.6394 -0.1945 -0.1352 1.1631 0.7045
3321.3140 -0.9117 -0.9161 -2.5658 -0.1945 -0.1473 1.1631 0.7835
3321.4140 -0.8927 -0.9019 -2.4349 -0.1945 -0.2049 1.1631 1.1597
3321.5140 -0.8779 -0.8878 -2.3190 -0.1945 -0.2040 1.1631 1.1534
3321.6140 -0.8649 -0.8720 -2.2032 -0.1945 -0.2048 1.1631 1.1587
3321.7140 -0.8572 -0.8606 -2.1255 -0.1945 -0.2049 1.1631 1.1592
3321.8140 -0.8448 -0.8364 -1.9715 -0.1945 -0.2041 1.1631 1.1541
3321.9140 -0.8379 -0.8172 -1.8557 -0.1945 -0.2048 1.1631 1.1585
3322.0140 -0.8345 -0.8038 -1.7781 -0.1945 -0.2050 1.1631 1.1591
3322.1140 -0.8315 -0.7836 -1.6622 -0.1945 -0.2042 1.1631 1.1541
3322.2140 -0.8308 -0.7632 -1.5466 -0.1945 -0.2048 1.1631 1.1581
3322.3140 -0.8325 -0.7427 -1.4307 -0.1945 -0.2051 1.1631 1.1590
3322.4140 -0.8384 -0.7162 -1.2768 -0.1945 -0.2048 1.1631 1.1575
3322.5140 -0.8455 -0.6970 -1.1610 -0.1945 -0.2050 1.1631 1.1583
3322.6140 -0.8547 -0.6787 -1.0451 -0.1945 -0.2051 1.1631 1.1586
3322.7140 -0.8660 -0.6616 -0.9295 -0.1945 -0.2048 1.1631 1.1574
3322.8140 -0.8746 -0.6509 -0.8519 -0.1945 -0.2050 1.1631 1.1580
3322.9140 -0.8890 -0.6363 -0.7361 -0.1945 -0.2051 1.1631 1.1589
3323.0140 -0.9105 -0.6197 -0.5822 -0.1945 -0.2049 1.1631 1.1573
3323.1140 -0.9283 -0.6094 -0.4664 -0.1945 -0.2051 1.1631 1.1585
3323.2140 -0.9471 -0.6013 -0.3505 -0.1945 -0.2048 1.1631 1.1571
3323.3140 -0.9666 -0.5953 -0.2349 -0.1945 -0.2049 1.1631 1.1576
3323.4140 -0.9868 -0.5917 -0.1191 -0.1945 -0.2050 1.1631 1.1589
3323.5140 -1.0072 -0.5904 -0.0032 -0.1945 -0.2043 1.1631 1.1545
3323.6140 -1.0277 -0.5907 0.1124 -0.1945 -0.2053 1.1631 1.1549
3323.7140 -1.0413 -0.5928 0.1896 -0.1945 -0.2062 1.1631 1.1495
3323.8140 -1.0676 -0.5998 0.3433 -0.1945 -0.2038 1.1631 1.1539
3323.9140 -1.0866 -0.6074 0.4592 -0.1945 -0.2047 1.1631 1.1592
3324.0140 -1.1044 -0.6175 0.5751 0.0000 -0.2050 0.0000 1.1598
3324.1140 -1.1155 -0.6253 0.6524 -0.1014 -0.1937 -0.8418 1.1378
3324.2140 -1.1292 -0.6369 0.7629 -0.1014 -0.1723 -0.8418 1.0106
3324.3140 -1.1454 -0.6542 0.8697 -0.1014 -0.1894 -0.8418 0.5695
3324.4140 -1.1582 -0.6701 0.9013 -0.1014 -0.2194 -0.8418 0.0405
3324.5140 -1.1717 -0.6871 0.8979 -0.1014 -0.2106 -0.8418 -0.0768
3324.6140 -1.1803 -0.6978 0.8906 -0.1014 -0.2009 -0.8418 -0.1405
3324.7140 -1.1964 -0.7172 0.8623 -0.1014 -0.1776 -0.8418 -0.2899
3324.8140 -1.2075 -0.7297 0.8264 -0.1014 -0.1562 -0.8418 -0.4306
3324.9140 -1.2175 -0.7401 0.7753 -0.1014 -0.1313 -0.8418 -0.5944
3325.0140 -1.2264 -0.7482 0.7085 -0.1014 -0.1086 -0.8418 -0.7442
3325.1140 -1.2341 -0.7543 0.6273 -0.1014 -0.0940 -0.8418 -0.8376
3325.2140 -1.2419 -0.7594 0.5438 -0.1014 -0.0939 -0.8418 -0.8368
3325.3140 -1.2501 -0.7640 0.4601 -0.1014 -0.0940 -0.8418 -0.8376
3325.4140 -1.2587 -0.7678 0.3763 -0.1014 -0.0941 -0.8418 -0.8384
3325.5140 -1.2676 -0.7708 0.2924 -0.1014 -0.0942 -0.8418 -0.8389
3325.6140 -1.2737 -0.7725 0.2362 -0.1014 -0.0939 -0.8418 -0.8371
3325.7140 -1.2859 -0.7747 0.1251 -0.1014 -0.0939 -0.8418 -0.8373
3325.8140 -1.2953 -0.7755 0.0413 -0.1014 -0.0940 -0.8418 -0.8381
3325.9140 -1.3047 -0.7755 -0.0425 -0.1014 -0.0941 -0.8418 -0.8389
3326.0140 -1.3140 -0.7747 -0.1264 -0.1014 -0.0941 -0.8418 -0.8389
3326.1140 -1.3233 -0.7731 -0.2100 -0.1014 -0.0937 -0.8418 -0.8370
3326.2140 -1.3294 -0.7716 -0.2661 -0.1014 -0.0938 -0.8418 -0.8376
3326.3140 -1.3412 -0.7676 -0.3776 -0.1014 -0.0940 -0.8418 -0.8386
3326.4140 -1.3498 -0.7638 -0.4615 -0.1014 -0.0941 -0.8418 -0.8393
3326.5140 -1.3580 -0.7593 -0.5454 -0.1014 -0.0938 -0.8418 -0.8379
3326.6140 -1.3658 -0.7541 -0.6290 -0.1014 -0.0937 -0.8418 -0.8377
3326.7140 -1.3708 -0.7502 -0.6851 -0.1014 -0.0938 -0.8418 -0.8381
3326.8140 -1.3800 -0.7418 -0.7966 -0.1014 -0.0939 -0.8418 -0.8392
3326.9140 -1.3842 -0.7372 -0.8529 -0.1014 -0.0940 -0.8418 -0.8397
3327.0140 -1.3919 -0.7273 -0.9643 -0.1014 -0.0927 -0.8418 -0.8306
3327.1140 -1.3953 -0.7221 -1.0204 -0.1014 -0.0937 -0.8418 -0.8380
3327.2140 -1.4012 -0.7111 -1.1319 -0.1014 -0.0938 -0.8418 -0.8390
3327.3140 -1.4048 -0.7025 -1.2159 -0.1014 -0.0939 -0.8418 -0.8398
3327.4140 -1.4077 -0.6935 -1.2999 -0.1014 -0.0939 -0.8418 -0.8399
3327.5140 -1.4092 -0.6874 -1.3559 -0.1014 -0.0925 -0.8418 -0.8301
3327.6140 -1.4112 -0.6752 -1.4673 -0.1014 -0.0937 -0.8418 -0.8388
3327.7140 -1.4117 -0.6658 -1.5513 -0.1014 -0.0938 -0.8418 -0.8396
3327.8140 -1.4117 -0.6595 -1.6075 -0.1014 -0.0939 -0.8418 -0.8402
3327.9140 -1.4109 -0.6502 -1.6916 -0.1014 -0.0938 -0.8418 -0.8403
3328.0140 -1.4087 -0.6379 -1.8029 -0.1014 -0.0936 -0.8418 -0.8387
3328.1140 -1.4071 -0.6319 -1.8591 -0.1014 -0.0936 -0.8418 -0.8391
3328.2140 -1.4029 -0.6202 -1.9708 -0.1014 -0.0938 -0.8418 -0.8401
3328.3140 -1.3989 -0.6117 -2.0548 -0.1014 -0.0939 -0.8418 -0.8407
3328.4140 -1.3958 -0.6062 -2.1111 -0.1014 -0.0937 -0.8418 -0.8395
3328.5140 -1.3907 -0.5984 -2.1948 -0.1014 -0.0935 -0.8418 -0.8388
3328.6140 -1.3849 -0.5911 -2.2787 -0.1014 -0.0937 -0.8418 -0.8393
3328.7140 -1.3762 -0.5821 -2.3904 -0.1014 -0.0938 -0.8418 -0.8403
3328.8140 -1.3691 -0.5760 -2.4745 -0.1014 -0.0938 -0.8418 -0.8404
3328.9140 -1.3615 -0.5705 -2.5582 0.0000 -0.0935 0.0000 -0.8383
3329.0140 -1.3563 -0.5673 -2.6111 0.1227 -0.0881 1.0744 -0.6449
3329.1140 -1.3489 -0.5632 -2.6636 0.1227 -0.0475 1.0744 -0.1218
3329.2140 -1.3456 -0.5615 -2.6683 0.1227 -0.0325 1.0744 -0.0092
3329.3140 -1.3439 -0.5607 -2.6591 0.1227 -0.0003 1.0744 0.2297
3329.4140 -1.3449 -0.5612 -2.6356 0.1227 0.0326 1.0744 0.4731
3329.5140 -1.3520 -0.5656 -2.5424 0.1227 0.0860 1.0744 0.8686
3329.6140 -1.3592 -0.5710 -2.4530 0.1227 0.0936 1.0744 0.9249
3329.7140 -1.3644 -0.5755 -2.3863 0.1227 0.1131 1.0744 1.0694
3329.8140 -1.3722 -0.5837 -2.2793 0.1227 0.1132 1.0744 1.0704
3329.9140 -1.3812 -0.5958 -2.1369 0.1227 0.1132 1.0744 1.0705
3330.0140 -1.3867 -0.6056 -2.0302 0.1227 0.1130 1.0744 1.0693
3330.1140 -1.3898 -0.6125 -1.9585 0.1227 0.1131 1.0744 1.0699
3330.2140 -1.3935 -0.6232 -1.8514 0.1227 0.1132 1.0744 1.0711
3330.3140 -1.3961 -0.6342 -1.7443 0.1227 0.1132 1.0744 1.0712
3330.4140 -1.3975 -0.6454 -1.6375 0.1227 0.1129 1.0744 1.0697
3330.5150 -1.3976 -0.6567 -1.5305 0.1227 0.1130 1.0744 1.0707
3330.6140 -1.3960 -0.6716 -1.3880 0.1227 0.1132 1.0744 1.0719
3330.7140 -1.3933 -0.6826 -1.2811 0.1227 0.1125 1.0744 1.0679
3330.8140 -1.3895 -0.6932 -1.1741 0.1227 0.1129 1.0744 1.0706
3330.9140 -1.3864 -0.7001 -1.1023 0.1227 0.1130 1.0744 1.0713
3331.0140 -1.3787 -0.7130 -0.9598 0.1227 0.1131 1.0744 1.0723
3331.1140 -1.3717 -0.7218 -0.8528 0.1227 0.1128 1.0744 1.0704
3331.2140 -1.3666 -0.7273 -0.7811 0.1227 0.1128 1.0744 1.0708
3331.3140 -1.3581 -0.7348 -0.6740 0.1227 0.1130 1.0744 1.0719
3331.4140 -1.3458 -0.7434 -0.5314 0.1227 0.1130 1.0744 1.0722
3331.5140 -1.3358 -0.7486 -0.4244 0.1227 0.1128 1.0744 1.0704
3331.6140 -1.3253 -0.7527 -0.3174 0.1227 0.1129 1.0744 1.0712
3331.7140 -1.3180 -0.7548 -0.2456 0.1227 0.1130 1.0744 1.0720
3331.8140 -1.3069 -0.7569 -0.1384 0.1227 0.1131 1.0744 1.0720
3331.9140 -1.2920 -0.7580 0.0039 0.1227 0.1126 1.0744 1.0718
3332.0140 -1.2807 -0.7573 0.1111 0.1227 0.1125 1.0744 1.0749
3332.1140 -1.2696 -0.7555 0.2183 0.1227 0.1131 1.0744 1.0720
3332.2140 -1.2587 -0.7525 0.3251 0.1227 0.1128 1.0744 1.0680
3332.3140 -1.2482 -0.7483 0.4320 0.1227 0.1131 1.0744 1.0695
3332.4140 -1.2382 -0.7430 0.5390 0.1227 0.1133 1.0744 1.0704
3332.5140 -1.2318 -0.7389 0.6108 0.1227 0.1134 1.0744 1.0708
3332.6140 -1.2201 -0.7294 0.7529 0.1227 0.1131 1.0744 1.0687
3332.7140 -1.2148 -0.7241 0.8245 0.1227 0.1131 1.0744 1.0691
3332.8140 -1.2054 -0.7123 0.9668 0.1227 0.1133 1.0744 1.0705
3332.9140 -1.1994 -0.7027 1.0739 0.1227 0.1132 1.0744 1.0701
3333.0140 -1.1946 -0.6925 1.1806 0.1227 0.1130 1.0744 1.0690
3333.1140 -1.1908 -0.6818 1.2876 0.0000 0.1132 0.0000 1.0701
3333.2140 -1.1890 -0.6745 1.3539 -0.2203 0.1069 -1.7889 0.7922
3333.3140 -1.1875 -0.6666 1.4078 -0.2203 0.0618 -1.7889 0.2058
3333.4140 -1.1868 -0.6623 1.4041 -0.2203 0.0192 -1.7889 -0.1293
3333.5140 -1.1868 -0.6622 1.3775 -0.2203 -0.0239 -1.7889 -0.4491
3333.6140 -1.1878 -0.6666 1.3174 -0.2203 -0.0538 -1.7889 -0.6700
3333.7140 -1.1897 -0.6730 1.2406 -0.2203 -0.0888 -1.7889 -0.9302
3333.8140 -1.1923 -0.6796 1.1694 -0.2203 -0.1216 -1.7889 -1.1724
3333.9140 -1.1981 -0.6912 1.0464 -0.2203 -0.1387 -1.7889 -1.2987
3334.0140 -1.2114 -0.7096 0.8419 -0.2203 -0.1995 -1.7889 -1.7478
3334.1140 -1.2207 -0.7195 0.7235 -0.2203 -0.2043 -1.7889 -1.7805
3334.2140 -1.2422 -0.7360 0.4864 -0.2203 -0.2047 -1.7889 -1.7828
3334.3140 -1.2602 -0.7459 0.3088 -0.2203 -0.2046 -1.7889 -1.7780
3334.4140 -1.2795 -0.7533 0.1306 -0.2203 -0.2047 -1.7889 -1.7819
3334.5140 -1.2930 -0.7561 0.0111 -0.2203 -0.2038 -1.7889 -1.7767
3334.6140 -1.3136 -0.7580 -0.1668 -0.2203 -0.2044 -1.7889 -1.7818
3334.7140 -1.3338 -0.7547 -0.3451 -0.2203 -0.2047 -1.7889 -1.7837
3334.8140 -1.3588 -0.7441 -0.5819 -0.2203 -0.2045 -1.7889 -1.7821
3334.9140 -1.3697 -0.7359 -0.7013 -0.2203 -0.2047 -1.7889 -1.7831
3335.0140 -1.3882 -0.7161 -0.9382 -0.2203 -0.2044 -1.7889 -1.7817
3335.1140 -1.3988 -0.6986 -1.1164 -0.2203 -0.2047 -1.7889 -1.7835
3335.2140 -1.4061 -0.6796 -1.2945 -0.2203 -0.2043 -1.7889 -1.7816
3335.3140 -1.4098 -0.6595 -1.4727 -0.2203 -0.2046 -1.7889 -1.7836
3335.4140 -1.4100 -0.6391 -1.6508 -0.2203 -0.2042 -1.7889 -1.7815
3335.5140 -1.4081 -0.6256 -1.7702 -0.2203 -0.2044 -1.7889 -1.7830
3335.6140 -1.3996 -0.5998 -2.0073 -0.2203 -0.2041 -1.7889 -1.7813
3335.7140 -1.3893 -0.5822 -2.1855 -0.2203 -0.2045 -1.7889 -1.7835
3335.8140 -1.3761 -0.5666 -2.3637 -0.2203 -0.2041 -1.7889 -1.7815
3335.9140 -1.3604 -0.5537 -2.5420 -0.2203 -0.2043 -1.7889 -1.7834
3336.0140 -1.3426 -0.5437 -2.7203 -0.2203 -0.2030 -1.7889 -1.7745
3336.1140 -1.3298 -0.5389 -2.8396 -0.2203 -0.2041 -1.7889 -1.7826
3336.2140 -1.3031 -0.5340 -3.0769 -0.2203 -0.2042 -1.7889 -1.7837
3336.3140 -1.2828 -0.5345 3.0281 -0.2203 -0.2041 -1.7889 -1.7832
3336.4140 -1.2628 -0.5387 2.8497 -0.2203 -0.2044 -1.7889 -1.7854
3336.5140 -1.2500 -0.5434 2.7303 -0.2203 -0.2040 -1.7889 -1.7823
3336.6140 -1.2266 -0.5571 2.4931 -0.2203 -0.2044 -1.7889 -1.7850
3336.7140 -1.2161 -0.5659 2.3737 -0.2203 -0.2041 -1.7889 -1.7828
3336.8140 -1.1989 -0.5868 2.1366 -0.2203 -0.2044 -1.7889 -1.7845
3336.9140 -1.1891 -0.6047 1.9583 -0.2203 -0.2040 -1.7889 -1.7821
3337.0140 -1.1822 -0.6239 1.7801 -0.2203 -0.2044 -1.7889 -1.7837
3337.1140 -1.1796 -0.6373 1.6605 -0.2203 -0.2043 -1.7889 -1.7851
3337.2140 -1.1769 -0.6577 1.4823 -0.2203 -0.2046 -1.7889 -1.7796
3337.3140 -1.1793 -0.6849 1.2453 -0.2203 -0.2030 -1.7889 -1.7714
3337.4140 -1.1846 -0.7048 1.0673 -0.2203 -0.2044 -1.7889 -1.7818
3337.5140 -1.1945 -0.7228 0.8890 -0.2203 -0.2046 -1.7889 -1.7832
3337.6140 -1.2027 -0.7338 0.7698 -0.2203 -0.2043 -1.7889 -1.7806
3337.7140 -1.2182 -0.7471 0.5916 -0.2203 -0.2047 -1.7889 -1.7829
3337.8140 -1.2423 -0.7595 0.3547 0.0000 -0.2044 0.0000 -1.7812
3337.9140 -1.2615 -0.7648 0.1948 0.0023 -0.1800 1.5855 -1.3301
3338.0140 -1.2773 -0.7670 0.0945 0.0023 -0.1501 1.5855 -0.6022
3338.1140 -1.2916 -0.7681 0.0758 0.0023 -0.1323 1.5855 0.1685
3338.2140 -1.3028 -0.7692 0.1195 0.0023 -0.0939 1.5855 0.7079
3338.3140 -1.3084 -0.7700 0.1824 0.0023 -0.0731 1.5855 1.1247
3338.4140 -1.3136 -0.7713 0.3101 0.0023 -0.0377 1.5855 1.3884
3338.5140 -1.3175 -0.7729 0.5003 0.0023 -0.0248 1.5855 1.4863
3338.6140 -1.3184 -0.7735 0.6040 0.0023 -0.0120 1.5855 1.5791
3338.7140 -1.3196 -0.7745 0.8140 0.0023 -0.0116 1.5855 1.5796
3338.8140 -1.3201 -0.7751 0.9198 0.0023 -0.0116 1.5855 1.5804
3338.9140 -1.3209 -0.7765 1.1298 0.0023 -0.0129 1.5855 1.5737
3339.0140 -1.3213 -0.7776 1.2878 0.0023 -0.0121 1.5855 1.5795
3339.1140 -1.3215 -0.7788 1.4455 0.0023 -0.0110 1.5855 1.5747
3339.2140 -1.3216 -0.7799 1.6034 0.0023 -0.0116 1.5855 1.5800
3339.3140 -1.3215 -0.7807 1.7093 0.0023 -0.0117 1.5855 1.5805
3339.4140 -1.3211 -0.7823 1.9192 0.0023 -0.0121 1.5855 1.5794
3339.5140 -1.3208 -0.7830 2.0251 0.0023 -0.0121 1.5855 1.5796
3339.6140 -1.3199 -0.7843 2.2351 0.0023 -0.0117 1.5855 1.5799
3339.7140 -1.3191 -0.7852 2.3931 0.0023 -0.0116 1.5855 1.5804
3339.8140 -1.3185 -0.7857 2.4990 0.0023 -0.0119 1.5855 1.5795
3339.9140 -1.3171 -0.7865 2.7088 0.0023 -0.0121 1.5855 1.5798
3340.0140 -1.3160 -0.7869 2.8667 0.0023 -0.0107 1.5855 1.5727
3340.1140 -1.3152 -0.7870 2.9724 0.0023 -0.0116 1.5855 1.5799
3340.2140 -1.3141 -0.7871 3.1304 0.0023 -0.0116 1.5855 1.5804
3340.3140 -1.3125 -0.7869 -2.9429 0.0023 -0.0121 1.5855 1.5793
3340.4140 -1.3113 -0.7866 -2.7849 0.0023 -0.0120 1.5855 1.5796
3340.5140 -1.3103 -0.7861 -2.6270 0.0023 -0.0117 1.5855 1.5800
3340.6140 -1.3093 -0.7854 -2.4690 0.0023 -0.0116 1.5855 1.5803
3340.7140 -1.3084 -0.7846 -2.3112 0.0023 -0.0132 1.5855 1.5704
3340.8140 -1.3079 -0.7840 -2.2054 0.0023 -0.0121 1.5855 1.5794
3340.9140 -1.3071 -0.7826 -1.9954 0.0023 -0.0116 1.5855 1.5779
3341.0140 -1.3068 -0.7815 -1.8376 0.0023 -0.0116 1.5855 1.5800
3341.1140 -1.3066 -0.7804 -1.6796 0.0023 -0.0117 1.5855 1.5803
3341.2140 -1.3065 -0.7795 -1.5740 0.0023 -0.0119 1.5855 1.5803
3341.3140 -1.3067 -0.7779 -1.3639 0.0023 -0.0120 1.5855 1.5799
3341.4140 -1.3069 -0.7772 -1.2581 0.0023 -0.0113 1.5855 1.5766
3341.5140 -1.3076 -0.7758 -1.0481 0.0023 -0.0116 1.5855 1.5802
3341.6140 -1.3080 -0.7752 -0.9423 0.0023 -0.0118 1.5855 1.5794
3341.7140 -1.3091 -0.7739 -0.7325 0.0023 -0.0121 1.5855 1.5796
3341.8140 -1.3097 -0.7734 -0.6267 0.0023 -0.0120 1.5855 1.5800
3341.9140 -1.3107 -0.7729 -0.4689 0.0023 -0.0115 1.5855 1.5787
3342.0140 -1.3122 -0.7723 -0.2587 0.0023 -0.0117 1.5855 1.5801
3342.1140 -1.3134 -0.7721 -0.1011 0.0023 -0.0121 1.5855 1.5791
3342.2140 -1.3146 -0.7721 0.0569 0.0023 -0.0121 1.5855 1.5801
3342.3140 -1.3157 -0.7723 0.2148 0.0023 -0.0107 1.5855 1.5730
3342.4140 -1.3165 -0.7725 0.3205 0.0023 -0.0116 1.5855 1.5802
3342.5140 -1.3175 -0.7730 0.4785 0.0023 -0.0118 1.5855 1.5794
3342.6140 -1.3189 -0.7739 0.6882 0.0023 -0.0121 1.5855 1.5795
