0.0000 0.0000 0.0000 0.0000 0.0000 0.0000
20954.8860 -0.0393 -0.0632 0.2340 -0.0000 0.0007
20954.8870 -0.0393 -0.0632 0.2340 -0.0000 0.0007
20954.9870 -0.0393 -0.0632 0.2341 -0.0000 0.0007
20955.0870 -0.0393 -0.0632 0.2342 -0.0000 0.0007
20955.1870 -0.0393 -0.0632 0.2342 -0.0000 0.0007
20955.2870 -0.0393 -0.0632 0.2343 -0.0000 0.0007
20955.3880 -0.0393 -0.0632 0.2343 -0.0000 0.0007
20955.4870 -0.0393 -0.0632 0.2344 -0.0000 0.0007
20955.5880 -0.0393 -0.0632 0.2345 -0.0000 0.0007
20955.6870 -0.0393 -0.0632 0.2346 -0.0000 0.0007
20955.7870 -0.0393 -0.0632 0.2346 -0.0000 0.0007
20955.8870 -0.0393 -0.0632 0.2347 -0.0000 0.0007
20955.9870 -0.0393 -0.0632 0.2347 -0.0000 0.0007
20956.0870 -0.0394 -0.0632 0.2348 -0.0019 -0.0043
20956.1870 -0.0412 -0.0635 0.2318 -0.0360 -0.0473
20956.2870 -0.0480 -0.0651 0.2226 -0.1097 -0.1373
20956.3870 -0.0631 -0.0684 0.2075 -0.1966 -0.1283
20956.4870 -0.0847 -0.0729 0.2018 -0.2299 -0.0478
20956.5870 -0.1085 -0.0776 0.1859 -0.2535 -0.2769
20956.6870 -0.1422 -0.0833 0.1524 -0.2581 -0.2402
20956.7870 -0.1593 -0.0858 0.1365 -0.2582 -0.2341
20956.8870 -0.1933 -0.0899 0.1076 -0.2585 -0.1997
20956.9870 -0.2106 -0.0917 0.0941 -0.2589 -0.2037
20957.0870 -0.2363 -0.0939 0.0746 -0.2583 -0.2012
20957.1870 -0.2621 -0.0955 0.0568 -0.2564 -0.1616
20957.2870 -0.2875 -0.0969 0.0510 -0.2596 -0.0483
20957.3870 -0.3131 -0.0980 0.0384 -0.2597 -0.1469
20957.4870 -0.3474 -0.0993 0.0331 -0.2595 -0.0379
20957.5870 -0.3648 -0.0998 0.0309 -0.2588 -0.0267
20957.6870 -0.3992 -0.1008 0.0279 -0.2601 -0.0135
20957.7870 -0.4253 -0.1015 0.0262 -0.2607 -0.0223
20957.8870 -0.4427 -0.1020 0.0242 -0.2592 -0.0345
20957.9870 -0.4601 -0.1024 0.0218 -0.2588 -0.0331
20958.0870 -0.4945 -0.1031 0.0198 -0.2597 -0.0090
20958.1870 -0.5206 -0.1036 0.0183 -0.2608 -0.0163
20958.2870 -0.5552 -0.1042 0.0149 -0.2596 -0.0256
20958.3870 -0.5725 -0.1044 0.0135 -0.2589 -0.0184
20958.4870 -0.6070 -0.1048 0.0121 -0.2602 -0.0134
20958.5870 -0.6331 -0.1051 0.0105 -0.2609 -0.0213
20958.6870 -0.6506 -0.1053 0.0089 -0.2602 -0.0269
20958.7870 -0.6679 -0.1054 0.0077 -0.2583 -0.0111
20958.8870 -0.7020 -0.1055 -0.0110 -0.2579 -0.2197
20958.9870 -0.7278 -0.1051 -0.0215 -0.2603 -0.1046
20959.0870 -0.7622 -0.1039 -0.0463 -0.2582 -0.1659
20959.1870 -0.7878 -0.1026 -0.0577 -0.2505 -0.1517
20959.2870 -0.8050 -0.1015 -0.0689 -0.2583 -0.1704
20959.3870 -0.8309 -0.0996 -0.0802 -0.2602 -0.1123
20959.4870 -0.8567 -0.0973 -0.0968 -0.2596 -0.1633
20959.5870 -0.8908 -0.0938 -0.1064 -0.2519 -0.1292
20959.6870 -0.9079 -0.0919 -0.1159 -0.2585 -0.1440
20959.7870 -0.9422 -0.0879 -0.1127 -0.2614 0.0510
20959.8870 -0.9596 -0.0859 -0.1090 -0.2602 0.0593
20959.9870 -0.9769 -0.0841 -0.1055 -0.2589 0.0460
20960.0870 -1.0111 -0.0807 -0.0900 -0.2607 0.1480
20960.1870 -1.0284 -0.0792 -0.0869 -0.2607 0.0388
20960.2870 -1.0629 -0.0761 -0.0915 -0.2604 -0.0652
20960.3870 -1.0887 -0.0737 -0.0909 -0.2587 0.0400
20960.4870 -1.1228 -0.0705 -0.0949 -0.2564 0.0338
20960.5870 -1.1316 -0.0697 -0.0938 -0.2607 0.0344
20960.6870 -1.1662 -0.0665 -0.0962 -0.2604 -0.0370
20960.7870 -1.1920 -0.0640 -0.0964 -0.2587 -0.0001
20960.8870 -1.2263 -0.0606 -0.0955 -0.2577 0.1572
20960.9870 -1.2437 -0.0590 -0.0890 -0.2616 0.0940
20961.0870 -1.2610 -0.0575 -0.0892 -0.2611 -0.0447
20961.1870 -1.2954 -0.0543 -0.0933 -0.2585 -0.0291
20961.2870 -1.3212 -0.0519 -0.0927 -0.2596 0.0070
20961.3870 -1.3557 -0.0487 -0.0916 -0.2612 -0.0095
20961.4870 -1.3645 -0.0479 -0.0919 -0.2610 -0.0089
20961.5870 -1.3989 -0.0447 -0.0921 -0.2587 -0.0014
20961.6870 -1.4247 -0.0423 -0.0920 -0.2597 0.0002
20961.7870 -1.4506 -0.0400 -0.0913 -0.2610 0.0077
20961.8870 -1.4852 -0.0368 -0.0887 -0.2594 0.0343
20961.9870 -1.5024 -0.0353 -0.0869 -0.2587 0.0252
20962.0870 -1.5197 -0.0338 -0.0847 -0.2592 0.0329
20962.1870 -1.5542 -0.0310 -0.0796 -0.2612 0.0409
20962.2870 -1.5803 -0.0289 -0.0763 -0.2606 0.0345
20962.3870 -1.6061 -0.0270 -0.0800 -0.2570 -0.1725
20962.4870 -1.6403 -0.0242 -0.0787 -0.2602 0.0357
20962.5870 -1.6577 -0.0229 -0.0763 -0.2612 0.0363
20962.6870 -1.6752 -0.0216 -0.0734 -0.2613 0.0450
20962.7870 -1.7097 -0.0191 -0.0677 -0.2586 0.0357
20962.8870 -1.7355 -0.0174 -0.0635 -0.2598 0.0429
20962.9870 -1.7615 -0.0159 -0.0515 -0.2619 0.1317
20963.0870 -1.7875 -0.0146 -0.0476 -0.2607 0.0406
20963.1870 -1.8134 -0.0135 -0.0405 -0.2589 0.0810
20963.2870 -1.8478 -0.0120 -0.0447 -0.2602 -0.0247
20963.3870 -1.8566 -0.0116 -0.0455 -0.2606 -0.0245
20963.4870 -1.8902 -0.0100 -0.0518 -0.2473 -0.0490
20963.5870 -1.9152 -0.0087 -0.0572 -0.2580 -0.0895
20963.6870 -1.9408 -0.0069 -0.0824 -0.2572 -0.2822
20963.7870 -1.9749 -0.0036 -0.1056 -0.2502 -0.0828
20963.8870 -1.9914 -0.0019 -0.1099 -0.2468 -0.0565
20963.9870 -2.0250 0.0020 -0.1269 -0.2610 -0.3304
20964.0870 -2.0421 0.0044 -0.1472 -0.2570 -0.3023
20964.1870 -2.0592 0.0070 -0.1575 -0.2596 -0.1127
20964.2870 -2.0929 0.0128 -0.1839 -0.2576 -0.2383
20964.3870 -2.1184 0.0176 -0.1880 -0.2597 -0.0030
20964.4870 -2.1431 0.0223 -0.1879 -0.2464 -0.0065
20964.5870 -2.1767 0.0288 -0.1931 -0.2480 -0.0743
20964.6870 -2.1850 0.0304 -0.1945 -0.2476 -0.0288
20964.7870 -2.2183 0.0370 -0.1931 -0.2598 0.0192
20964.8870 -2.2353 0.0403 -0.1898 -0.2598 0.0598
20964.9870 -2.2691 0.0468 -0.1965 -0.2597 -0.0795
20965.0870 -2.2940 0.0520 -0.2151 -0.2567 -0.2153
20965.1870 -2.3279 0.0596 -0.2238 -0.2683 -0.1800
20965.2870 -2.3367 0.0616 -0.2301 -0.2661 -0.1964
20965.3870 -2.3702 0.0699 -0.2508 -0.2585 -0.1187
20965.4870 -2.3946 0.0762 -0.2577 -0.2463 -0.0266
20965.5870 -2.4196 0.0829 -0.2609 -0.2604 -0.0346
20965.6870 -2.4440 0.0895 -0.2664 -0.2464 -0.0350
20965.7870 -2.4688 0.0964 -0.2756 -0.2584 -0.0926
20965.8870 -2.4927 0.1032 -0.2846 -0.2458 -0.0679
20965.9870 -2.5258 0.1131 -0.2936 -0.2588 -0.1199
20966.0870 -2.5418 0.1179 -0.2985 -0.2468 -0.0739
20966.1870 -2.5581 0.1230 -0.3079 -0.2584 -0.1513
20966.2870 -2.5907 0.1337 -0.3262 -0.2583 -0.1330
20966.3870 -2.6152 0.1422 -0.3383 -0.2598 -0.1212
20966.4870 -2.6397 0.1509 -0.3446 -0.2608 -0.0656
20966.5870 -2.6719 0.1625 -0.3469 -0.2548 -0.1044
20966.6870 -2.6962 0.1714 -0.3572 -0.2580 -0.2183
20966.7870 -2.7124 0.1775 -0.3680 -0.2595 -0.1595
20966.8870 -2.7364 0.1872 -0.3973 -0.2586 -0.2898
20966.9870 -2.7600 0.1974 -0.4180 -0.2573 -0.1653
20967.0870 -2.7913 0.2115 -0.4281 -0.2584 -0.1761
20967.1870 -2.8149 0.2224 -0.4392 -0.2604 -0.0919
20967.2870 -2.8307 0.2299 -0.4452 -0.2605 -0.0885
20967.3870 -2.8540 0.2412 -0.4530 -0.2581 -0.0840
20967.4870 -2.8849 0.2564 -0.4644 -0.2591 -0.0949
20967.5870 -2.9004 0.2642 -0.4707 -0.2600 -0.0941
20967.6870 -2.9309 0.2802 -0.4913 -0.2590 -0.1301
20967.7870 -2.9462 0.2884 -0.5000 -0.2589 -0.1323
20967.8870 -2.9762 0.3054 -0.5331 -0.2573 -0.2893
20967.9870 -2.9837 0.3099 -0.5429 -0.2577 -0.2889
20968.0870 -3.0128 0.3281 -0.5726 -0.2581 -0.1892
20968.1870 -3.0345 0.3423 -0.5838 -0.2596 -0.1069
20968.2870 -3.0632 0.3619 -0.6174 -0.2577 -0.2631
20968.3870 -3.0771 0.3720 -0.6349 -0.2566 -0.2531
20968.4870 -3.0978 0.3875 -0.6518 -0.2583 -0.1482
20968.5870 -3.1181 0.4034 -0.6782 -0.2586 -0.2614
20968.6870 -3.1371 0.4192 -0.7047 -0.2455 -0.2558
20968.7870 -3.1559 0.4357 -0.7323 -0.2563 -0.2355
20968.8870 -3.1739 0.4522 -0.7561 -0.2437 -0.2333
20968.9870 -3.1922 0.4700 -0.7889 -0.2578 -0.3403
20969.0870 -3.2099 0.4884 -0.8110 -0.2595 -0.1800
20969.1870 -3.2337 0.5137 -0.8222 -0.2615 -0.1976
20969.2870 -3.2454 0.5264 -0.8370 -0.2574 -0.2237
20969.3870 -3.2623 0.5458 -0.8677 -0.2578 -0.3078
20969.4870 -3.2787 0.5657 -0.8903 -0.2574 -0.2122
20969.5870 -3.2946 0.5858 -0.9182 -0.2576 -0.2868
20969.6870 -3.3147 0.6132 -0.9556 -0.2439 -0.2622
20969.7870 -3.3240 0.6266 -0.9730 -0.2441 -0.2562
20969.8870 -3.3428 0.6548 -0.9964 -0.2530 -0.4055
20969.9870 -3.3520 0.6694 -1.0147 -0.2584 -0.2572
20970.0870 -3.3697 0.6989 -1.0466 -0.2589 -0.2695
20970.1870 -3.3741 0.7065 -1.0559 -0.2569 -0.2788
20970.2870 -3.3905 0.7366 -1.0818 -0.2580 -0.1540
20970.3870 -3.4020 0.7584 -1.0904 -0.2467 -0.0790
20970.4870 -3.4137 0.7814 -1.1131 -0.2591 -0.2494
20970.5870 -3.4248 0.8046 -1.1382 -0.2560 -0.2564
20970.6870 -3.4352 0.8281 -1.1645 -0.2570 -0.2643
20970.7870 -3.4453 0.8522 -1.1861 -0.2590 -0.1926
20970.8870 -3.4578 0.8843 -1.2096 -0.2587 -0.1754
20970.9870 -3.4609 0.8926 -1.2155 -0.2584 -0.1753
20971.0870 -3.4724 0.9248 -1.2387 -0.2579 -0.1730
20971.1870 -3.4806 0.9493 -1.2572 -0.2587 -0.1835
20971.2870 -3.4908 0.9821 -1.2806 -0.2584 -0.1772
20971.3870 -3.4957 0.9988 -1.2926 -0.2587 -0.1802
20971.4870 -3.5003 1.0154 -1.3048 -0.2579 -0.1914
20971.5870 -3.5090 1.0487 -1.3289 -0.2583 -0.1716
20971.6870 -3.5149 1.0738 -1.3453 -0.2581 -0.1608
20971.7870 -3.5205 1.0990 -1.3603 -0.2594 -0.1503
20971.8870 -3.5274 1.1328 -1.3814 -0.2578 -0.1637
20971.9870 -3.5290 1.1414 -1.3868 -0.2587 -0.1611
20972.0870 -3.5349 1.1753 -1.4060 -0.2582 -0.1360
20972.1870 -3.5390 1.2008 -1.4201 -0.2596 -0.1411
20972.2870 -3.5439 1.2351 -1.4376 -0.2595 -0.1339
20972.3870 -3.5461 1.2522 -1.4465 -0.2575 -0.1239
20972.4870 -3.5501 1.2863 -1.4634 -0.2589 -0.1206
20972.5870 -3.5510 1.2951 -1.4676 -0.2593 -0.1208
20972.6870 -3.5543 1.3295 -1.4828 -0.2607 -0.1148
20972.7870 -3.5564 1.3554 -1.4932 -0.2579 -0.1046
20972.8870 -3.5583 1.3811 -1.5029 -0.2587 -0.0971
20972.9870 -3.5605 1.4156 -1.5104 -0.2608 -0.0505
20973.0870 -3.5610 1.4245 -1.5121 -0.2610 -0.0484
20973.1870 -3.5630 1.4592 -1.5108 -0.2566 0.1051
20973.2870 -3.5646 1.4850 -1.5148 -0.2590 -0.0619
20973.3870 -3.5667 1.5197 -1.5071 -0.2642 -0.0841
20973.4870 -3.5677 1.5372 -1.5117 -0.2608 -0.0652
20973.5870 -3.5696 1.5715 -1.5222 -0.2587 -0.0580
20973.6870 -3.5700 1.5803 -1.5242 -0.2587 -0.0602
20973.7870 -3.5715 1.6148 -1.5317 -0.2604 -0.0545
20973.8870 -3.5721 1.6323 -1.5350 -0.2609 -0.0457
20973.9870 -3.5733 1.6668 -1.5402 -0.2577 -0.0472
20974.0870 -3.5738 1.6841 -1.5431 -0.2589 -0.0441
20974.1870 -3.5746 1.7187 -1.5484 -0.2605 -0.0366
20974.2870 -3.5750 1.7361 -1.5464 -0.2609 0.0366
20974.3870 -3.5760 1.7707 -1.5407 -0.2577 0.0335
20974.4870 -3.5768 1.7966 -1.5386 -0.2594 0.0201
20974.5870 -3.5780 1.8312 -1.5357 -0.2609 0.0147
20974.6870 -3.5783 1.8400 -1.5351 -0.2609 0.0177
20974.7870 -3.5795 1.8746 -1.5321 -0.2578 0.0162
20974.8870 -3.5806 1.9004 -1.5306 -0.2594 0.0134
20974.9870 -3.5816 1.9264 -1.5304 -0.2608 0.0025
20975.0870 -3.5827 1.9525 -1.5303 -0.2606 0.0037
20975.1870 -3.5841 1.9869 -1.5287 -0.2597 0.0669
20975.2870 -3.5849 2.0043 -1.5180 -0.2607 0.1735
20975.3870 -3.5858 2.0217 -1.5210 -0.2599 -0.0753
20975.4870 -3.5874 2.0563 -1.5303 -0.2606 -0.0636
20975.5870 -3.5883 2.0822 -1.5369 -0.2589 -0.0711
20975.6870 -3.5896 2.1166 -1.5298 -0.2645 -0.1347
20975.7870 -3.5906 2.1428 -1.5338 -0.2665 0.0559
20975.8870 -3.5913 2.1605 -1.5269 -0.2621 0.1172
20975.9870 -3.5921 2.1778 -1.5250 -0.2583 -0.0177
20976.0870 -3.5936 2.2122 -1.5286 -0.2594 -0.0297
20976.1870 -3.5943 2.2296 -1.5303 -0.2604 -0.0248
20976.2870 -3.5957 2.2642 -1.5326 -0.2605 -0.0121
20976.3880 -3.5967 2.2901 -1.5346 -0.2581 -0.0267
20976.4870 -3.5976 2.3160 -1.5378 -0.2594 -0.0331
20976.5870 -3.5986 2.3506 -1.5414 -0.2609 -0.0207
20976.6870 -3.5991 2.3681 -1.5426 -0.2603 -0.0149
20976.7870 -3.5996 2.3855 -1.5441 -0.2591 -0.0262
20976.8870 -3.6005 2.4199 -1.5471 -0.2595 -0.0189
20976.9870 -3.6010 2.4458 -1.5547 -0.2602 -0.0753
20977.0870 -3.6016 2.4806 -1.5513 -0.2600 0.0441
20977.1870 -3.6019 2.4980 -1.5488 -0.2577 0.0294
20977.2870 -3.6024 2.5240 -1.5549 -0.2592 -0.0669
20977.3870 -3.6028 2.5499 -1.5621 -0.2602 -0.0701
20977.4870 -3.6030 2.5846 -1.5634 -0.2598 0.0011
20977.5870 -3.6031 2.6019 -1.5637 -0.2582 -0.0114
20977.6870 -3.6034 2.6364 -1.5654 -0.2601 -0.0093
20977.7870 -3.6034 2.6539 -1.5659 -0.2606 -0.0074
20977.8870 -3.6035 2.6713 -1.5659 -0.2606 0.0032
20977.9870 -3.6037 2.7059 -1.5659 -0.2585 -0.0098
20978.0870 -3.6038 2.7318 -1.5672 -0.2596 -0.0150
20978.1870 -3.6039 2.7578 -1.5683 -0.2606 -0.0083
20978.2870 -3.6040 2.7924 -1.5682 -0.2599 0.0000
20978.3870 -3.6040 2.8184 -1.5689 -0.2592 -0.0141
20978.4870 -3.6041 2.8357 -1.5700 -0.2596 -0.0168
20978.5870 -3.6041 2.8532 -1.5708 -0.2604 -0.0123
20978.6870 -3.6040 2.8878 -1.5713 -0.2602 0.0015
20978.7870 -3.6040 2.9137 -1.5709 -0.2587 -0.0038
20978.8870 -3.6040 2.9397 -1.5717 -0.2597 -0.0101
20978.9870 -3.6040 2.9743 -1.5722 -0.2605 0.0019
20979.0870 -3.6040 2.9917 -1.5718 -0.2601 0.0075
20979.1870 -3.6039 3.0091 -1.5716 -0.2594 0.0012
20979.2870 -3.6039 3.0436 -1.5724 -0.2597 -0.0095
20979.3870 -3.6038 3.0696 -1.5729 -0.2606 -0.0026
20979.4870 -3.6037 3.1031 -1.5757 -0.2565 -0.0181
20979.5870 -3.6036 3.1205 -1.5754 -0.2596 0.0027
20979.6870 -3.6034 3.1550 -1.5759 -0.2601 -0.0056
20979.7870 -3.6034 3.1725 -1.5762 -0.2605 -0.0021
20979.8870 -3.6033 3.1899 -1.5760 -0.2595 0.0103
20979.9870 -3.6031 3.2245 -1.5751 -0.2595 0.0019
20980.0870 -3.6030 3.2504 -1.5755 -0.2597 -0.0061
20980.1870 -3.6031 3.2766 -1.5571 -0.2625 0.2311
20980.2870 -3.6041 3.3116 -1.5263 -0.2653 0.2734
20980.3870 -3.6045 3.3204 -1.5158 -0.2588 0.3245
20980.4870 -3.6073 3.3553 -1.4636 -0.2634 0.4453
20980.5870 -3.6103 3.3813 -1.4465 -0.2619 0.1243
20980.6870 -3.6138 3.4073 -1.4281 -0.2611 0.1789
20980.7870 -3.6191 3.4417 -1.4049 -0.2683 0.2536
20980.8870 -3.6222 3.4589 -1.3871 -0.2619 0.2685
20980.9870 -3.6292 3.4932 -1.3473 -0.2631 0.3164
20981.0870 -3.6313 3.5018 -1.3368 -0.2609 0.3002
20981.1870 -3.6400 3.5356 -1.2985 -0.2622 0.2887
20981.2870 -3.6448 3.5523 -1.2824 -0.2616 0.2196
20981.3870 -3.6554 3.5857 -1.2465 -0.2607 0.2939
20981.4870 -3.6640 3.6104 -1.2226 -0.2615 0.2366
20981.5870 -3.6761 3.6433 -1.2094 -0.2694 0.1909
20981.6870 -3.6793 3.6517 -1.2043 -0.2633 0.1481
20981.7870 -3.6917 3.6829 -1.1841 -0.2466 0.1356
20981.8870 -3.7011 3.7056 -1.1744 -0.2465 0.0954
20981.9870 -3.7138 3.7352 -1.1586 -0.2466 0.0343
20982.0870 -3.7172 3.7430 -1.1576 -0.2476 0.0317
20982.1870 -3.7300 3.7720 -1.1548 -0.2308 0.0247
20982.2870 -3.7385 3.7911 -1.1471 -0.2009 0.0878
20982.3870 -3.7466 3.8088 -1.1348 -0.1957 0.1249
20982.4870 -3.7578 3.8320 -1.1099 -0.1795 0.1327
20982.5870 -3.7605 3.8375 -1.1054 -0.1794 0.1324
20982.6870 -3.7712 3.8583 -1.0847 -0.1733 0.1662
20982.7870 -3.7765 3.8682 -1.0763 -0.1595 0.1156
20982.8870 -3.7862 3.8858 -1.0576 -0.1494 0.1410
20982.9870 -3.7935 3.8985 -1.0443 -0.1468 0.1330
20983.0870 -3.8037 3.9156 -1.0191 -0.1558 0.0098
20983.1870 -3.8089 3.9241 -1.0239 -0.1458 -0.0928
20983.2870 -3.8140 3.9323 -1.0249 -0.1454 -0.0205
20983.3870 -3.8239 3.9490 -1.0442 -0.1421 -0.2485
20983.4870 -3.8286 3.9572 -1.0617 -0.1425 -0.2722
20983.5870 -3.8382 3.9751 -1.0986 -0.1594 -0.2980
20983.6870 -3.8441 3.9873 -1.1434 -0.1261 -0.5058
20983.7870 -3.8512 4.0039 -1.1798 -0.1411 -0.2296
20983.8870 -3.8548 4.0127 -1.1951 -0.1412 -0.2274
20983.9870 -3.8623 4.0323 -1.2159 -0.1563 -0.2617
20984.0870 -3.8641 4.0372 -1.2276 -0.1523 -0.4022
20984.1870 -3.8700 4.0556 -1.2876 -0.1433 -0.4692
20984.2870 -3.8739 4.0704 -1.3419 -0.1544 -0.5565
20984.3870 -3.8767 4.0837 -1.3805 -0.1199 -0.2601
20984.4870 -3.8791 4.0970 -1.3997 -0.0837 -0.0622
20984.5870 -3.8795 4.0996 -1.4013 -0.0742 -0.0354
20984.6870 -3.8810 4.1083 -1.4076 -0.0620 0.0053
20984.7870 -3.8818 4.1130 -1.4103 -0.0326 -0.0487
20984.8870 -3.8820 4.1145 -1.4111 0.0009 0.0657
20984.9870 -3.8816 4.1125 -1.3971 0.0443 0.1848
20985.0870 -3.8803 4.1051 -1.3816 0.1031 0.0452
20985.1870 -3.8792 4.0997 -1.3773 0.0075 0.0231
20985.2870 -3.8792 4.0998 -1.3382 -0.0020 0.7746
20985.3870 -3.8794 4.1004 -1.2495 -0.0080 0.9026
20985.4870 -3.8800 4.1018 -1.1225 -0.0130 1.0001
20985.5870 -3.8803 4.1024 -1.0490 -0.0089 1.1287
20985.6870 -3.8806 4.1028 -0.9779 -0.0102 1.0418
20985.7870 -3.8815 4.1040 -0.8476 -0.0089 0.9426
20985.8870 -3.8821 4.1046 -0.7582 -0.0086 0.8941
20985.9870 -3.8827 4.1051 -0.6686 -0.0086 0.8985
20986.0870 -3.8836 4.1057 -0.5489 -0.0080 0.9003
20986.1870 -3.8841 4.1060 -0.4886 -0.0070 0.8967
20986.2870 -3.8847 4.1063 -0.3706 -0.0067 0.8955
20986.3870 -3.8852 4.1064 -0.3107 -0.0069 0.8926
20986.4870 -3.8859 4.1066 -0.2222 -0.0100 0.8747
20986.5870 -3.8868 4.1068 -0.1337 -0.0085 0.8898
20986.6870 -3.8873 4.1068 -0.0789 -0.0034 0.2409
20986.7870 -3.8874 4.1068 -0.0762 -0.0007 -0.0029
20986.8870 -3.8875 4.1068 -0.0765 -0.0007 -0.0029
20986.9870 -3.8876 4.1068 -0.0767 -0.0007 -0.0029
20987.0870 -3.8876 4.1069 -0.0770 -0.0007 -0.0029
20987.1870 -3.8877 4.1069 -0.0774 -0.0007 -0.0029
20987.2870 -3.8878 4.1069 -0.0776 -0.0007 -0.0029
20987.3870 -3.8879 4.1069 -0.0780 -0.0007 -0.0029
20987.4870 -3.8879 4.1069 -0.0781 -0.0007 -0.0029
20987.5870 -3.8880 4.1069 -0.0784 -0.0007 -0.0028
20987.6870 -3.8880 4.1069 -0.0787 -0.0007 -0.0028
20987.7870 -3.8881 4.1069 -0.0790 -0.0007 -0.0028
20987.8870 -3.8882 4.1069 -0.0793 -0.0007 -0.0028
20987.9870 -3.8882 4.1069 -0.0796 -0.0007 -0.0028
20988.0870 -3.8883 4.1069 -0.0797 -0.0007 -0.0028
20988.1870 -3.8884 4.1069 -0.0801 -0.0007 -0.0028
20988.2870 -3.8884 4.1069 -0.0804 -0.0007 -0.0028
20988.3860 -3.8885 4.1069 -0.0806 -0.0007 -0.0028
20988.4870 -3.8886 4.1069 -0.0809 -0.0007 -0.0028
20988.5870 -3.8886 4.1069 -0.0813 -0.0007 -0.0028
20988.6870 -3.8887 4.1069 -0.0815 -0.0007 -0.0027
20988.7870 -3.8888 4.1069 -0.0818 -0.0007 -0.0027
20988.8870 -3.8888 4.1069 -0.0820 -0.0007 -0.0027
20988.9870 -3.8889 4.1069 -0.0824 -0.0007 -0.0027
20989.0870 -3.8889 4.1070 -0.0825 -0.0007 -0.0027
