0.0000 0.0000 0.0000 0.0000 0.0144 0.0000 1.3724 0.0000
3553.3010 0.0009 -0.0000 -0.0089 0.0144 0.0001 1.3724 0.0000
3553.3020 0.0009 -0.0000 -0.0089 0.1592 0.0001 0.6922 0.0000
3553.4020 0.0009 -0.0000 -0.0089 0.1592 0.0001 0.6922 0.0000
3553.5020 0.0009 -0.0000 -0.0089 0.1592 0.0001 0.6922 0.0000
3553.6020 0.0009 -0.0000 -0.0084 0.1592 0.0016 0.6922 0.0311
3553.7020 0.0013 -0.0000 -0.0013 0.1592 0.0081 0.6922 0.0329
3553.8020 0.0022 0.0000 0.0037 0.1592 0.0213 0.6922 0.1445
3553.9020 0.0083 0.0002 0.0557 0.1592 0.0752 0.6922 0.6459
3554.0020 0.0145 0.0007 0.1061 0.1592 0.1083 0.6922 0.8379
3554.1020 0.0270 0.0026 0.1900 0.1592 0.1403 0.6922 0.7578
3554.2020 0.0464 0.0073 0.2819 0.1592 0.1527 0.6922 0.6899
3554.3020 0.0609 0.0120 0.3509 0.1592 0.1529 0.6922 0.6906
3554.4020 0.0704 0.0157 0.3972 0.1592 0.1530 0.6922 0.6911
3554.5020 0.0843 0.0221 0.4662 0.1592 0.1528 0.6922 0.6890
3554.6020 0.0977 0.0294 0.5349 0.1592 0.1528 0.6922 0.6890
3554.7020 0.1106 0.0377 0.6039 0.1592 0.1530 0.6922 0.6895
3554.8020 0.1268 0.0500 0.6956 0.1592 0.1532 0.6922 0.6902
3554.9020 0.1382 0.0602 0.7644 0.1592 0.1523 0.6922 0.6825
3555.0020 0.1489 0.0711 0.8332 0.1592 0.1530 0.6922 0.6884
3555.1030 0.1588 0.0828 0.9021 0.1592 0.1532 0.6922 0.6891
3555.2020 0.1650 0.0910 0.9483 0.1592 0.1533 0.6922 0.6896
3555.3020 0.1735 0.1037 1.0173 0.1592 0.1531 0.6922 0.6887
3555.4020 0.1833 0.1215 1.1087 0.1592 0.1530 0.6922 0.6886
3555.5020 0.1897 0.1354 1.1777 0.1592 0.1525 0.6922 0.6935
3555.6020 0.1950 0.1496 1.2475 0.1592 0.1533 0.6922 0.6896
3555.7020 0.1966 0.1546 1.2710 0.1592 0.1530 0.6922 0.6912
3555.8020 0.2017 0.1742 1.3626 0.1592 0.1527 0.6922 0.6898
3555.9020 0.2044 0.1893 1.4316 0.1592 0.1528 0.6922 0.6906
3556.0020 0.2063 0.2095 1.5235 0.1592 0.1530 0.6922 0.6915
3556.1020 0.2065 0.2198 1.5698 0.1592 0.1528 0.6922 0.6899
3556.2020 0.2056 0.2400 1.6613 0.1592 0.1528 0.6922 0.6894
3556.3020 0.2037 0.2552 1.7303 0.1592 0.1530 0.6922 0.6900
3556.4020 0.2019 0.2653 1.7765 0.2058 0.1531 -0.5739 0.6904
3556.5020 0.1967 0.2856 1.8547 0.2058 0.1716 -0.5739 0.3247
3556.6020 0.1913 0.3037 1.8631 0.2058 0.1985 -0.5739 -0.1473
3556.7020 0.1876 0.3162 1.8447 0.2058 0.1888 -0.5739 -0.3815
3556.8020 0.1827 0.3351 1.7983 0.2058 0.2090 -0.5739 -0.5607
3556.9020 0.1786 0.3557 1.7411 0.2058 0.2109 -0.5739 -0.5723
3557.0020 0.1756 0.3766 1.6839 0.2058 0.2111 -0.5739 -0.5722
3557.1020 0.1735 0.4046 1.6081 0.2058 0.2109 -0.5739 -0.5704
3557.2020 0.1732 0.4187 1.5699 0.2058 0.2110 -0.5739 -0.5708
3557.3020 0.1743 0.4467 1.4939 0.2058 0.2111 -0.5739 -0.5725
3557.4020 0.1765 0.4677 1.4369 0.2058 0.2097 -0.5739 -0.5709
3557.5020 0.1799 0.4885 1.3798 0.2058 0.2107 -0.5739 -0.5720
3557.6020 0.1828 0.5023 1.3415 0.2058 0.2108 -0.5739 -0.5725
3557.7020 0.1882 0.5227 1.2842 0.2058 0.2110 -0.5739 -0.5730
3557.8020 0.1947 0.5427 1.2272 0.2058 0.2105 -0.5739 -0.5690
3557.9020 0.2052 0.5687 1.1512 0.2058 0.2110 -0.5739 -0.5713
3558.0020 0.2143 0.5878 1.0940 0.2058 0.2112 -0.5739 -0.5719
3558.1020 0.2210 0.6002 1.0557 0.2058 0.2110 -0.5739 -0.5715
3558.2020 0.2319 0.6182 0.9987 0.2058 0.2106 -0.5739 -0.5722
3558.3020 0.2438 0.6356 0.9411 0.2058 0.2108 -0.5739 -0.5723
3558.4020 0.2612 0.6576 0.8649 -0.2573 0.2109 -0.8559 -0.5733
3558.5020 0.2746 0.6725 0.7987 -0.2573 0.1826 -0.8559 -0.8303
3558.6020 0.2862 0.6834 0.6963 -0.2573 0.1367 -0.8559 -1.1910
3558.7020 0.2954 0.6902 0.5585 -0.2573 0.0946 -0.8559 -1.5459
3558.8020 0.3022 0.6938 0.3997 -0.2573 0.0620 -0.8559 -1.5365
3558.9020 0.3050 0.6949 0.2984 -0.2573 0.0232 -0.8559 -1.5113
3559.0020 0.3031 0.6946 0.1436 -0.2573 -0.0621 -0.8559 -1.5658
3559.1020 0.2932 0.6941 -0.0005 -0.2573 -0.1278 -0.8559 -1.2283
3559.2020 0.2698 0.6960 -0.1418 -0.2573 -0.2294 -0.8559 -0.9849
3559.3020 0.2537 0.6988 -0.2014 -0.2573 -0.2500 -0.8559 -0.8530
3559.4020 0.2295 0.7048 -0.2865 -0.2573 -0.2496 -0.8559 -0.8506
3559.5020 0.2059 0.7129 -0.3718 -0.2573 -0.2488 -0.8559 -0.8588
3559.6020 0.1831 0.7229 -0.4573 -0.2573 -0.2496 -0.8559 -0.8550
3559.7020 0.1612 0.7349 -0.5425 -0.2573 -0.2494 -0.8559 -0.8529
3559.8020 0.1338 0.7536 -0.6560 -0.2573 -0.2498 -0.8559 -0.8540
3559.9020 0.1209 0.7642 -0.7132 -0.2573 -0.2496 -0.8559 -0.8519
3560.0020 0.1027 0.7813 -0.7983 -0.2573 -0.2497 -0.8559 -0.8518
3560.1030 0.0861 0.7999 -0.8835 -0.2573 -0.2500 -0.8559 -0.8528
3560.2020 0.0711 0.8199 -0.9688 -0.2573 -0.2495 -0.8559 -0.8513
3560.3020 0.0538 0.8483 -1.0817 -0.2573 -0.2496 -0.8559 -0.8540
3560.4020 0.0431 0.8708 -1.1671 -0.2573 -0.2496 -0.8559 -0.8545
3560.5020 0.0369 0.8864 -1.2241 0.0101 -0.2494 -0.5735 -0.8525
3560.6020 0.0296 0.9096 -1.3088 0.0101 -0.2181 -0.5735 -0.8176
3560.7020 0.0258 0.9262 -1.3866 0.0101 -0.1223 -0.5735 -0.7449
3560.8020 0.0247 0.9336 -1.4590 0.0101 -0.0302 -0.5735 -0.7081
3560.9020 0.0247 0.9335 -1.5229 0.0101 0.0153 -0.5735 -0.5729
3561.0020 0.0247 0.9314 -1.5991 0.0101 0.0153 -0.5735 -0.5731
3561.1020 0.0246 0.9299 -1.6563 0.0101 0.0152 -0.5735 -0.5723
3561.2020 0.0245 0.9289 -1.6946 0.0101 0.0145 -0.5735 -0.5670
3561.3020 0.0243 0.9275 -1.7509 0.0101 0.0154 -0.5735 -0.5706
3561.4020 0.0240 0.9260 -1.8075 0.0101 0.0149 -0.5735 -0.5716
3561.5020 0.0234 0.9240 -1.8833 0.0101 0.0153 -0.5735 -0.5698
3561.6020 0.0229 0.9226 -1.9403 0.0101 0.0153 -0.5735 -0.5701
3561.7020 0.0226 0.9217 -1.9785 0.0101 0.0153 -0.5735 -0.5705
3561.8020 0.0219 0.9203 -2.0356 0.0101 0.0154 -0.5735 -0.5710
3561.9020 0.0212 0.9189 -2.0927 -0.1209 0.0154 1.7867 -0.5715
3562.0020 0.0203 0.9175 -2.1507 -0.1209 0.0003 1.7867 -0.0720
3562.1020 0.0207 0.9181 -2.1161 -0.1209 -0.0198 1.7867 0.7196
3562.2020 0.0223 0.9212 -2.0103 -0.1209 -0.0544 1.7867 1.2434
3562.3020 0.0246 0.9269 -1.8814 -0.1209 -0.0674 1.7867 1.3287
3562.4020 0.0253 0.9293 -1.8349 -0.1209 -0.0795 1.7867 1.4080
3562.5020 0.0275 0.9439 -1.6167 -0.1209 -0.1353 1.7867 1.7932
3562.6020 0.0269 0.9576 -1.4389 -0.1209 -0.1369 1.7867 1.7788
3562.7020 0.0224 0.9752 -1.2023 -0.1209 -0.1370 1.7867 1.7803
3562.8020 0.0163 0.9874 -1.0243 -0.1209 -0.1361 1.7867 1.7755
3562.9020 0.0111 0.9949 -0.9051 -0.1209 -0.1367 1.7867 1.7802
3563.0020 0.0018 1.0049 -0.7271 -0.1209 -0.1368 1.7867 1.7813
3563.1020 -0.0092 1.0130 -0.5489 -0.1209 -0.1364 1.7867 1.7789
3563.2020 -0.0257 1.0206 -0.3123 -0.1209 -0.1378 1.7867 1.7729
3563.3020 -0.0391 1.0236 -0.1347 -0.1209 -0.1371 1.7867 1.7798
3563.4020 -0.0527 1.0242 0.0431 -0.1209 -0.1369 1.7867 1.7792
3563.5020 -0.0573 1.0239 0.1035 -0.1209 -0.1369 1.7867 1.7793
3563.6020 -0.0751 1.0199 0.3403 -0.1209 -0.1370 1.7867 1.7809
3563.7020 -0.0913 1.0118 0.5769 -0.1209 -0.1367 1.7867 1.7804
3563.8020 -0.0986 1.0064 0.6962 -0.1209 -0.1367 1.7867 1.7813
3563.9020 -0.1111 0.9932 0.9331 -0.2144 -0.1361 0.1071 1.7769
3564.0020 -0.1184 0.9824 1.1020 -0.2144 -0.1171 0.1071 1.4808
3564.1020 -0.1226 0.9727 1.2162 -0.2144 -0.1086 0.1071 0.8966
3564.2020 -0.1252 0.9649 1.2687 -0.2144 -0.1403 0.1071 0.6629
3564.3020 -0.1298 0.9486 1.3138 -0.2144 -0.1971 0.1071 0.2422
3564.4020 -0.1350 0.9280 1.3266 -0.2144 -0.2153 0.1071 0.1048
3564.5020 -0.1418 0.9002 1.3407 -0.2144 -0.2144 0.1071 0.1129
3564.6020 -0.1434 0.8931 1.3445 -0.2144 -0.2151 0.1071 0.1081
3564.7020 -0.1496 0.8652 1.3588 -0.2144 -0.2154 0.1071 0.1081
3564.8020 -0.1540 0.8441 1.3696 -0.2144 -0.2154 0.1071 0.1065
3564.9020 -0.1596 0.8160 1.3835 -0.2144 -0.2154 0.1071 0.1050
3565.0020 -0.1635 0.7948 1.3941 -0.2144 -0.2152 0.1071 0.1079
3565.1020 -0.1659 0.7806 1.4016 -0.2144 -0.2153 0.1071 0.1081
3565.2020 -0.1695 0.7594 1.4124 -0.2144 -0.2154 0.1071 0.1082
3565.3020 -0.1727 0.7381 1.4231 -0.2144 -0.2151 0.1071 0.1050
3565.4020 -0.1758 0.7168 1.4336 -0.2144 -0.2153 0.1071 0.1055
3565.5020 -0.1786 0.6955 1.4442 -0.2144 -0.2155 0.1071 0.1062
3565.6020 -0.1820 0.6671 1.4588 -0.2144 -0.2154 0.1071 0.1084
3565.7020 -0.1843 0.6456 1.4695 -0.2144 -0.2147 0.1071 0.1038
3565.8020 -0.1857 0.6313 1.4766 -0.2144 -0.2152 0.1071 0.1060
3565.9020 -0.1876 0.6099 1.4872 -0.2144 -0.2154 0.1071 0.1060
3566.0020 -0.1893 0.5884 1.4978 -0.2144 -0.2156 0.1071 0.1063
3566.1020 -0.1912 0.5598 1.5120 -0.2144 -0.2153 0.1071 0.1075
3566.2020 -0.1920 0.5454 1.5189 0.0816 -0.2145 -0.2053 0.1030
3566.3020 -0.1932 0.5187 1.5325 0.0816 -0.1599 -0.2053 0.0743
3566.4020 -0.1936 0.5070 1.5344 0.0816 -0.0748 -0.2053 -0.0275
3566.5020 -0.1938 0.5035 1.5264 0.0816 0.0006 -0.2053 -0.1282
3566.6020 -0.1936 0.5063 1.5102 0.0816 0.0521 -0.2053 -0.1876
3566.7020 -0.1931 0.5132 1.4912 0.0816 0.0812 -0.2053 -0.1836
3566.8020 -0.1926 0.5187 1.4783 0.0816 0.0813 -0.2053 -0.1883
3566.9020 -0.1918 0.5268 1.4589 0.0816 0.0833 -0.2053 -0.2026
3567.0020 -0.1904 0.5378 1.4318 0.0816 0.0832 -0.2053 -0.2041
3567.1020 -0.1892 0.5460 1.4113 0.0816 0.0832 -0.2053 -0.2046
3567.2020 -0.1883 0.5515 1.3976 0.0816 0.0832 -0.2053 -0.2050
3567.3020 -0.1862 0.5624 1.3703 0.0816 0.0833 -0.2053 -0.2055
3567.4020 -0.1845 0.5705 1.3498 0.0816 0.0834 -0.2053 -0.2058
3567.5020 -0.1832 0.5760 1.3360 0.0816 0.0835 -0.2053 -0.2059
3567.6020 -0.1812 0.5841 1.3154 0.0816 0.0835 -0.2053 -0.2056
3567.7020 -0.1790 0.5921 1.2949 0.0816 0.0833 -0.2053 -0.2041
3567.8020 -0.1767 0.6000 1.2753 0.0816 0.0827 -0.2053 -0.2004
3567.9020 -0.1742 0.6079 1.2549 0.0816 0.0832 -0.2053 -0.2035
3568.0020 -0.1715 0.6158 1.2345 -0.1130 0.0833 -0.6059 -0.2033
3568.1020 -0.1684 0.6244 1.2082 -0.1130 0.0255 -0.6059 -0.1863
3568.2020 -0.1690 0.6229 1.1875 -0.1130 -0.0566 -0.6059 -0.2541
3568.3020 -0.1724 0.6150 1.1436 -0.1130 -0.1079 -0.6059 -0.6036
3568.4020 -0.1772 0.6054 1.0832 -0.1130 -0.1079 -0.6059 -0.6036
3568.5020 -0.1807 0.5990 1.0429 -0.1130 -0.1072 -0.6059 -0.5982
3568.6020 -0.1864 0.5899 0.9828 -0.1130 -0.1076 -0.6059 -0.6019
3568.7020 -0.1926 0.5812 0.9226 -0.1130 -0.1077 -0.6059 -0.6027
3568.8020 -0.1994 0.5728 0.8623 -0.1130 -0.1078 -0.6059 -0.6033
3568.9020 -0.2091 0.5623 0.7820 -0.1130 -0.1078 -0.6059 -0.6040
3569.0020 -0.2144 0.5573 0.7415 -0.1130 -0.1076 -0.6059 -0.6026
3569.1020 -0.2225 0.5503 0.6815 -0.1130 -0.1078 -0.6059 -0.6006
3569.2020 -0.2311 0.5437 0.6220 -0.1130 -0.1103 -0.6059 -0.5850
3569.3020 -0.2403 0.5375 0.5640 -0.1130 -0.1112 -0.6059 -0.5804
3569.4020 -0.2498 0.5319 0.5049 -0.1130 -0.1075 -0.6059 -0.6061
3569.5020 -0.2626 0.5255 0.4245 -0.1130 -0.1070 -0.6059 -0.6004
3569.6020 -0.2692 0.5227 0.3843 -0.1130 -0.1073 -0.6059 -0.6036
3569.7020 -0.2792 0.5190 0.3239 -0.1130 -0.1074 -0.6059 -0.6039
3569.8020 -0.2895 0.5159 0.2635 -0.1130 -0.1075 -0.6059 -0.6046
3569.9020 -0.3000 0.5134 0.2030 -0.1130 -0.1075 -0.6059 -0.6054
3570.0020 -0.3141 0.5111 0.1225 -0.1130 -0.1074 -0.6059 -0.6045
3570.1020 -0.3212 0.5104 0.0823 -0.1130 -0.1076 -0.6059 -0.6059
3570.2020 -0.3319 0.5098 0.0219 -0.1130 -0.1073 -0.6059 -0.6040
3570.3020 -0.3427 0.5099 -0.0385 -0.1130 -0.1074 -0.6059 -0.6045
3570.4020 -0.3569 0.5111 -0.1189 -0.1130 -0.1076 -0.6059 -0.6053
3570.5020 -0.3640 0.5121 -0.1595 -0.1130 -0.1076 -0.6059 -0.6052
3570.6020 -0.3780 0.5149 -0.2395 -0.1130 -0.1073 -0.6059 -0.6034
3570.7020 -0.3884 0.5178 -0.2999 -0.1130 -0.1074 -0.6059 -0.6036
3570.8020 -0.3952 0.5200 -0.3403 -0.1130 -0.1075 -0.6059 -0.6040
3570.9020 -0.4052 0.5239 -0.4007 0.0546 -0.1076 0.4570 -0.6045
3571.0020 -0.4172 0.5295 -0.4781 0.0546 -0.0765 0.4570 -0.4853
3571.1020 -0.4219 0.5321 -0.5097 0.0546 -0.0293 0.4570 -0.1351
3571.2020 -0.4221 0.5322 -0.5034 0.0546 0.0232 0.4570 0.2530
3571.3020 -0.4197 0.5310 -0.4780 0.0546 0.0506 0.4570 0.4554
3571.4020 -0.4137 0.5280 -0.4174 0.0546 0.0507 0.4570 0.4560
3571.5020 -0.4105 0.5267 -0.3869 0.0546 0.0507 0.4570 0.4562
3571.6020 -0.4058 0.5249 -0.3413 0.0546 0.0506 0.4570 0.4558
3571.7020 -0.4010 0.5233 -0.2960 0.0546 0.0488 0.4570 0.4431
3571.8020 -0.3946 0.5216 -0.2358 0.0546 0.0503 0.4570 0.4547
3571.9020 -0.3913 0.5208 -0.2053 0.0546 0.0504 0.4570 0.4548
3572.0020 -0.3847 0.5196 -0.1448 0.0546 0.0504 0.4570 0.4553
3572.1020 -0.3797 0.5190 -0.0992 0.0546 0.0505 0.4570 0.4557
3572.2020 -0.3747 0.5186 -0.0537 0.0546 0.0505 0.4570 0.4561
3572.3020 -0.3696 0.5185 -0.0080 0.0546 0.0506 0.4570 0.4565
3572.4020 -0.3646 0.5185 0.0376 0.0546 0.0506 0.4570 0.4564
3572.5020 -0.3595 0.5188 0.0832 0.0546 0.0501 0.4570 0.4532
3572.6020 -0.3563 0.5192 0.1131 0.0546 0.0498 0.4570 0.4511
3572.7020 -0.3513 0.5198 0.1586 0.0546 0.0503 0.4570 0.4550
3572.8020 -0.3447 0.5211 0.2191 0.0546 0.0503 0.4570 0.4553
3572.9020 -0.3414 0.5219 0.2496 0.0546 0.0504 0.4570 0.4556
3573.0020 -0.3350 0.5237 0.3103 0.0546 0.0504 0.4570 0.4561
3573.1020 -0.3302 0.5254 0.3559 0.0546 0.0505 0.4570 0.4566
3573.2020 -0.3255 0.5272 0.4015 0.0546 0.0505 0.4570 0.4569
3573.3020 -0.3209 0.5293 0.4472 0.0546 0.0505 0.4570 0.4565
3573.4020 -0.3179 0.5308 0.4777 -0.0941 0.0500 1.5326 0.4530
3573.5020 -0.3137 0.5331 0.5251 -0.0941 0.0376 1.5326 0.5727
3573.6020 -0.3107 0.5349 0.6114 -0.0941 0.0157 1.5326 0.7186
3573.7020 -0.3106 0.5350 0.6658 -0.0941 -0.0148 1.5326 0.9185
3573.8020 -0.3157 0.5302 0.8209 -0.0941 -0.0850 1.5326 1.3787
3573.9020 -0.3197 0.5255 0.9163 -0.0941 -0.0943 1.5326 1.4395
3574.0020 -0.3252 0.5170 1.0648 -0.0941 -0.1076 1.5326 1.5273
3574.1020 -0.3297 0.5072 1.2176 -0.0941 -0.1077 1.5326 1.5283
3574.2020 -0.3326 0.4969 1.3704 -0.0941 -0.1077 1.5326 1.5270
3574.3020 -0.3344 0.4827 1.5729 -0.0941 -0.1079 1.5326 1.5257
3574.4020 -0.3336 0.4719 1.7256 -0.0941 -0.1080 1.5326 1.5267
3574.5020 -0.3321 0.4648 1.8279 -0.0941 -0.1080 1.5326 1.5270
3574.6020 -0.3286 0.4547 1.9803 -0.0941 -0.1077 1.5326 1.5261
3574.7020 -0.3215 0.4422 2.1834 0.0156 -0.1078 -1.6915 1.5276
3574.8020 -0.3171 0.4366 2.2802 0.0156 -0.1063 -1.6915 1.2034
3574.9020 -0.3101 0.4290 2.3493 0.0156 -0.1000 -1.6915 0.1735
3575.0020 -0.3034 0.4222 2.3138 0.0156 -0.0899 -1.6915 -0.8363
3575.1020 -0.2978 0.4153 2.1750 0.0156 -0.0531 -1.6915 -1.1294
3575.2020 -0.2951 0.4111 2.0589 0.0156 -0.0384 -1.6915 -1.2317
3575.3020 -0.2944 0.4097 1.9211 0.0156 0.0094 -1.6915 -1.5461
3575.4020 -0.2946 0.4103 1.8666 0.0156 0.0259 -1.6915 -1.6548
3575.5020 -0.2954 0.4142 1.6424 0.0156 0.0306 -1.6915 -1.6866
3575.6020 -0.2954 0.4172 1.4742 0.0156 0.0313 -1.6915 -1.6796
3575.7020 -0.2949 0.4203 1.3058 0.0156 0.0308 -1.6915 -1.6844
3575.8020 -0.2938 0.4232 1.1373 0.0156 0.0308 -1.6915 -1.6859
3575.9020 -0.2923 0.4259 0.9687 0.0156 0.0306 -1.6915 -1.6863
3576.0020 -0.2904 0.4282 0.8003 0.0156 0.0305 -1.6915 -1.6860
3576.1020 -0.2873 0.4308 0.5764 0.0156 0.0309 -1.6915 -1.6845
3576.2020 -0.2846 0.4323 0.4079 0.0156 0.0309 -1.6915 -1.6859
3576.3020 -0.2826 0.4330 0.2949 0.0156 0.0307 -1.6915 -1.6858
3576.4020 -0.2807 0.4335 0.1823 0.0156 0.0291 -1.6915 -1.6765
3576.5020 -0.2767 0.4338 -0.0419 0.0156 0.0310 -1.6915 -1.6826
3576.6020 -0.2726 0.4332 -0.2658 0.0156 0.0310 -1.6915 -1.6854
3576.7020 -0.2697 0.4322 -0.4344 0.0156 0.0304 -1.6915 -1.6832
3576.8020 -0.2679 0.4312 -0.5470 0.0156 0.0305 -1.6915 -1.6856
3576.9020 -0.2654 0.4295 -0.7156 0.0156 0.0305 -1.6915 -1.6862
3577.0020 -0.2633 0.4273 -0.8840 0.0156 0.0311 -1.6915 -1.6845
3577.1020 -0.2615 0.4247 -1.0525 0.0156 0.0309 -1.6915 -1.6850
3577.2020 -0.2602 0.4220 -1.2209 0.0156 0.0306 -1.6915 -1.6851
3577.3020 -0.2594 0.4190 -1.3894 0.0156 0.0305 -1.6915 -1.6862
3577.4020 -0.2591 0.4149 -1.6136 0.0156 0.0314 -1.6915 -1.6828
3577.5020 -0.2594 0.4119 -1.7821 0.0156 0.0305 -1.6915 -1.6825
3577.6020 -0.2600 0.4099 -1.8946 -0.0110 0.0308 0.9776 -1.6856
3577.7020 -0.2611 0.4072 -2.0574 -0.0110 0.0263 0.9776 -1.3719
3577.8020 -0.2618 0.4060 -2.1631 -0.0110 -0.0096 0.9776 -0.2564
3577.9020 -0.2611 0.4070 -2.1615 -0.0110 -0.0236 0.9776 0.2732
3578.0020 -0.2593 0.4100 -2.0655 -0.0110 -0.0199 0.9776 0.9742
3578.1020 -0.2584 0.4118 -1.9682 -0.0110 -0.0191 0.9776 0.9700
3578.2020 -0.2578 0.4136 -1.8712 -0.0110 -0.0195 0.9776 0.9738
3578.3020 -0.2575 0.4148 -1.8059 -0.0110 -0.0194 0.9776 0.9739
3578.4020 -0.2570 0.4174 -1.6763 -0.0110 -0.0195 0.9776 0.9745
3578.5020 -0.2569 0.4193 -1.5789 -0.0110 -0.0199 0.9776 0.9729
3578.6020 -0.2570 0.4214 -1.4819 -0.0110 -0.0199 0.9776 0.9743
3578.7020 -0.2573 0.4233 -1.3845 -0.0110 -0.0199 0.9776 0.9738
3578.8020 -0.2576 0.4246 -1.3192 -0.0110 -0.0196 0.9776 0.9722
3578.9020 -0.2582 0.4264 -1.2224 -0.0110 -0.0196 0.9776 0.9729
3579.0020 -0.2592 0.4288 -1.0930 -0.0110 -0.0195 0.9776 0.9738
3579.1020 -0.2599 0.4300 -1.0277 -0.0110 -0.0195 0.9776 0.9744
3579.2020 -0.2614 0.4321 -0.8980 -0.0110 -0.0197 0.9776 0.9752
3579.3020 -0.2627 0.4336 -0.8006 -0.0110 -0.0200 0.9776 0.9739
3579.4020 -0.2642 0.4350 -0.7036 -0.0110 -0.0200 0.9776 0.9734
3579.5020 -0.2657 0.4361 -0.6065 -0.0110 -0.0186 0.9776 0.9653
3579.6020 -0.2674 0.4372 -0.5093 -0.0110 -0.0196 0.9776 0.9728
3579.7020 -0.2691 0.4380 -0.4120 -0.0110 -0.0196 0.9776 0.9734
3579.8020 -0.2698 0.4383 -0.3789 -0.0110 -0.0196 0.9776 0.9737
3579.9020 -0.2722 0.4391 -0.2493 -0.0110 -0.0196 0.9776 0.9749
3580.0020 -0.2742 0.4395 -0.1518 -0.0110 -0.0197 0.9776 0.9757
3580.1020 -0.2768 0.4397 -0.0221 -0.0110 -0.0198 0.9776 0.9742
3580.2020 -0.2781 0.4396 0.0428 -0.0110 -0.0186 0.9776 0.9685
3580.3020 -0.2800 0.4395 0.1398 -0.0110 -0.0197 0.9776 0.9723
3580.4020 -0.2820 0.4391 0.2371 -0.0110 -0.0197 0.9776 0.9728
3580.5020 -0.2845 0.4383 0.3665 -0.0110 -0.0197 0.9776 0.9740
3580.6020 -0.2857 0.4378 0.4318 0.2501 -0.0198 -0.9698 0.9746
3580.7020 -0.2874 0.4368 0.5242 0.2501 -0.0229 -0.9698 0.6993
3580.8020 -0.2869 0.4372 0.5888 0.2501 0.0310 -0.9698 0.5241
3580.9020 -0.2794 0.4425 0.6250 0.2501 0.1003 -0.9698 0.0708
3581.0020 -0.2708 0.4487 0.6278 0.2501 0.1116 -0.9698 -0.0480
3581.1020 -0.2640 0.4536 0.6178 0.2501 0.1401 -0.9698 -0.2574
3581.2020 -0.2502 0.4630 0.5779 0.2501 0.1893 -0.9698 -0.5140
3581.3020 -0.2276 0.4766 0.5019 0.2501 0.2156 -0.9698 -0.6855
3581.4020 -0.2060 0.4873 0.4168 0.2501 0.2589 -0.9698 -0.9672
3581.5020 -0.1819 0.4967 0.3203 0.2501 0.2585 -0.9698 -0.9646
3581.6020 -0.1653 0.5016 0.2556 0.2501 0.2588 -0.9698 -0.9655
3581.7020 -0.1400 0.5069 0.1590 0.2501 0.2590 -0.9698 -0.9664
3581.8020 -0.1143 0.5098 0.0626 0.2501 0.2587 -0.9698 -0.9645
3581.9020 -0.0884 0.5102 -0.0340 0.2501 0.2588 -0.9698 -0.9662
3582.0020 -0.0542 0.5068 -0.1625 0.2501 0.2584 -0.9698 -0.9644
3582.1020 -0.0289 0.5014 -0.2591 0.2501 0.2586 -0.9698 -0.9666
3582.2020 -0.0204 0.4991 -0.2919 0.2501 0.2587 -0.9698 -0.9669
3582.3020 0.0118 0.4871 -0.4205 0.2501 0.2584 -0.9698 -0.9644
3582.4020 0.0348 0.4754 -0.5170 0.2501 0.2587 -0.9698 -0.9661
3582.5020 0.0636 0.4565 -0.6456 0.2501 0.2589 -0.9698 -0.9664
3582.6020 0.0835 0.4400 -0.7420 0.2501 0.2588 -0.9698 -0.9650
3582.7020 0.1017 0.4216 -0.8386 0.2501 0.2590 -0.9698 -0.9662
3582.8020 0.1181 0.4016 -0.9352 0.2501 0.2584 -0.9698 -0.9636
3582.9020 0.1281 0.3875 -1.0001 -0.1666 0.2573 -1.1413 -0.9751
3583.0020 0.1409 0.3655 -1.0949 -0.1666 0.2353 -1.1413 -0.8487
3583.1020 0.1513 0.3431 -1.1787 -0.1666 0.1397 -1.1413 -0.3889
3583.2020 0.1553 0.3331 -1.1955 -0.1666 0.0692 -1.1413 -0.0231
3583.3020 0.1562 0.3308 -1.1949 -0.1666 0.0059 -1.1413 0.0204
3583.4020 0.1554 0.3329 -1.2094 -0.1666 -0.0425 -1.1413 -0.2941
3583.5020 0.1532 0.3392 -1.2564 -0.1666 -0.0615 -1.1413 -0.4343
3583.6020 0.1525 0.3414 -1.2728 -0.1666 -0.0752 -1.1413 -0.5363
3583.7020 0.1490 0.3555 -1.3777 -0.1666 -0.1403 -1.1413 -1.0179
3583.8030 0.1469 0.3703 -1.4859 -0.1666 -0.1521 -1.1413 -1.1053
3583.9020 0.1467 0.3910 -1.6366 -0.1666 -0.1564 -1.1413 -1.1371
3584.0020 0.1487 0.4065 -1.7504 -0.1666 -0.1566 -1.1413 -1.1380
3584.1020 0.1509 0.4167 -1.8265 -0.1666 -0.1552 -1.1413 -1.1285
3584.2020 0.1557 0.4316 -1.9400 -0.1666 -0.1563 -1.1413 -1.1365
3584.3020 0.1647 0.4503 -2.0913 -0.1666 -0.1566 -1.1413 -1.1379
3584.4020 0.1703 0.4592 -2.1675 -0.1666 -0.1560 -1.1413 -1.1336
3584.5020 0.1832 0.4754 -2.3185 -0.1666 -0.1564 -1.1413 -1.1366
3584.6020 0.1906 0.4828 -2.3947 -0.1666 -0.1565 -1.1413 -1.1374
3584.7020 0.2069 0.4957 -2.5458 -0.1666 -0.1556 -1.1413 -1.1309
3584.8020 0.2114 0.4986 -2.5844 -0.1666 -0.1562 -1.1413 -1.1358
3584.9020 0.2298 0.5082 -2.7356 -0.1666 -0.1565 -1.1413 -1.1372
3585.0020 0.2445 0.5136 -2.8493 -0.1666 -0.1565 -1.1413 -1.1376
3585.1020 0.2647 0.5180 -3.0003 -0.1666 -0.1563 -1.1413 -1.1363
3585.2020 0.2700 0.5187 -3.0389 -0.1666 -0.1564 -1.1413 -1.1367
3585.3020 0.2908 0.5192 3.0930 -0.1666 -0.1566 -1.1413 -1.1378
3585.4020 0.3114 0.5166 2.9420 -0.1666 -0.1563 -1.1413 -1.1361
3585.5020 0.3265 0.5127 2.8284 -0.1666 -0.1565 -1.1413 -1.1373
3585.6020 0.3411 0.5070 2.7146 -0.1666 -0.1565 -1.1413 -1.1376
3585.7020 0.3504 0.5023 2.6386 -0.1666 -0.1562 -1.1413 -1.1354
3585.8020 0.3637 0.4940 2.5250 -0.1666 -0.1564 -1.1413 -1.1366
3585.9020 0.3797 0.4807 2.3737 -0.1666 -0.1566 -1.1413 -1.1376
3586.0020 0.3869 0.4731 2.2977 -0.0926 -0.1565 -0.5301 -1.1373
3586.1020 0.3990 0.4574 2.1594 -0.0926 -0.1251 -0.5301 -0.8024
3586.2020 0.4043 0.4489 2.0983 -0.0926 -0.0880 -0.5301 -0.5277
3586.3030 0.4072 0.4438 2.0629 -0.0926 -0.0880 -0.5301 -0.5279
3586.4020 0.4099 0.4385 2.0275 -0.0926 -0.0881 -0.5301 -0.5282
3586.5020 0.4146 0.4279 1.9573 -0.0926 -0.0879 -0.5301 -0.5266
3586.6020 0.4167 0.4224 1.9224 -0.0926 -0.0878 -0.5301 -0.5262
3586.7020 0.4204 0.4113 1.8523 -0.0926 -0.0879 -0.5301 -0.5267
3586.8030 0.4226 0.4028 1.7996 -0.0926 -0.0880 -0.5301 -0.5272
3586.9040 0.4244 0.3942 1.7469 -0.0926 -0.0881 -0.5301 -0.5277
3587.0020 0.4260 0.3826 1.6766 -0.0926 -0.0881 -0.5301 -0.5281
3587.1020 0.4267 0.3738 1.6239 -0.0926 -0.0874 -0.5301 -0.5226
3587.2020 0.4269 0.3680 1.5890 -0.0926 -0.0878 -0.5301 -0.5258
3587.3020 0.4268 0.3592 1.5363 -0.0926 -0.0879 -0.5301 -0.5266
3587.4020 0.4260 0.3475 1.4662 -0.0926 -0.0879 -0.5301 -0.5274
3587.5020 0.4253 0.3417 1.4308 -0.0926 -0.0880 -0.5301 -0.5279
3587.6020 0.4243 0.3359 1.3955 -0.0926 -0.0880 -0.5301 -0.5283
3587.7020 0.4219 0.3244 1.3252 -0.0926 -0.0880 -0.5301 -0.5281
3587.8020 0.4187 0.3132 1.2553 -0.0926 -0.0878 -0.5301 -0.5266
3587.9020 0.4157 0.3050 1.2026 -0.0926 -0.0878 -0.5301 -0.5271
3588.0020 0.4123 0.2969 1.1499 -0.0926 -0.0878 -0.5301 -0.5278
3588.1020 0.4098 0.2915 1.1145 -0.0926 -0.0879 -0.5301 -0.5284
3588.2020 0.4043 0.2812 1.0441 -0.0926 -0.0874 -0.5301 -0.5326
3588.3020 0.3998 0.2739 0.9902 -0.0926 -0.0863 -0.5301 -0.5386
3588.4020 0.3948 0.2667 0.9376 -0.0926 -0.0888 -0.5301 -0.5192
3588.5020 0.3894 0.2598 0.8852 -0.0926 -0.0876 -0.5301 -0.5283
3588.6020 0.3837 0.2531 0.8324 -0.1784 -0.0877 0.7883 -0.5282
3588.7030 0.3782 0.2474 0.7945 -0.1784 -0.0633 0.7883 -0.0821
3588.8020 0.3754 0.2445 0.7997 -0.1784 -0.0711 0.7883 0.0916
3588.9020 0.3688 0.2376 0.8191 -0.1784 -0.1200 0.7883 0.3579
3589.0020 0.3590 0.2265 0.8736 -0.1784 -0.1740 0.7883 0.7108
3589.1020 0.3478 0.2120 0.9508 -0.1784 -0.1845 0.7883 0.7788
3589.2020 0.3345 0.1912 1.0551 -0.1784 -0.1855 0.7883 0.7844
3589.3020 0.3260 0.1748 1.1336 -0.1784 -0.1856 0.7883 0.7853
3589.4020 0.3211 0.1634 1.1862 -0.1784 -0.1856 0.7883 0.7853
3589.5020 0.3130 0.1401 1.2903 -0.1784 -0.1853 0.7883 0.7841
3589.6020 0.3099 0.1281 1.3427 -0.1784 -0.1865 0.7883 0.7763
3589.7020 0.3055 0.1038 1.4469 -0.1784 -0.1855 0.7883 0.7868
3589.8020 0.3040 0.0853 1.5253 -0.1784 -0.1849 0.7883 0.7836
3589.9020 0.3039 0.0668 1.6038 -0.1196 -0.1852 -1.4712 0.7857
3590.0020 0.3051 0.0491 1.6637 -0.1196 -0.1625 -1.4712 0.2471
3590.1020 0.3064 0.0341 1.6444 -0.1196 -0.1374 -1.4712 -0.5785
3590.2020 0.3068 0.0214 1.5435 -0.1196 -0.1158 -1.4712 -1.4122
3590.3020 0.3063 0.0142 1.4456 -0.1196 -0.1064 -1.4712 -1.4664
3590.4020 0.3042 0.0038 1.2992 -0.1196 -0.1062 -1.4712 -1.4658
3590.5020 0.2991 -0.0094 1.1041 -0.1196 -0.1064 -1.4712 -1.4678
3590.6020 0.2955 -0.0156 1.0058 -0.1196 -0.1065 -1.4712 -1.4680
3590.7030 0.2868 -0.0267 0.8110 -0.1196 -0.1065 -1.4712 -1.4648
3590.8020 0.2789 -0.0339 0.6651 -0.1196 -0.1081 -1.4712 -1.4571
3590.9020 0.2700 -0.0398 0.5186 -0.1196 -0.1064 -1.4712 -1.4635
3591.0020 0.2637 -0.0431 0.4206 -0.1196 -0.1064 -1.4712 -1.4640
3591.1020 0.2536 -0.0467 0.2741 -0.1196 -0.1066 -1.4712 -1.4655
3591.2030 0.2397 -0.0491 0.0791 -0.1196 -0.1066 -1.4712 -1.4663
3591.3020 0.2326 -0.0493 -0.0189 -0.1196 -0.1063 -1.4712 -1.4648
3591.4020 0.2186 -0.0477 -0.2139 -0.1196 -0.1065 -1.4712 -1.4667
3591.5020 0.2117 -0.0458 -0.3122 -0.1196 -0.1066 -1.4712 -1.4677
3591.6020 0.1988 -0.0402 -0.5071 -0.1196 -0.1061 -1.4712 -1.4658
3591.7020 0.1927 -0.0364 -0.6053 -0.0472 -0.1063 -0.8058 -1.4666
3591.8020 0.1845 -0.0298 -0.7483 -0.0472 -0.1012 -0.8058 -1.2532
3591.9020 0.1787 -0.0237 -0.8611 -0.0472 -0.0713 -0.8058 -1.0299
3592.0020 0.1733 -0.0169 -0.9879 -0.0472 -0.0567 -0.8058 -0.8573
3592.1020 0.1710 -0.0131 -1.0677 -0.0472 -0.0401 -0.8058 -0.8007
3592.2020 0.1692 -0.0095 -1.1479 -0.0472 -0.0401 -0.8058 -0.8018
3592.3020 0.1677 -0.0057 -1.2281 -0.0472 -0.0402 -0.8058 -0.8024
3592.4020 0.1669 -0.0032 -1.2819 -0.0472 -0.0402 -0.8058 -0.8029
3592.5020 0.1659 0.0007 -1.3622 -0.0472 -0.0402 -0.8058 -0.8032
3592.6020 0.1651 0.0059 -1.4685 -0.0472 -0.0391 -0.8058 -0.7956
3592.7020 0.1648 0.0099 -1.5487 -0.0472 -0.0399 -0.8058 -0.8021
3592.8020 0.1649 0.0139 -1.6290 -0.0472 -0.0399 -0.8058 -0.8027
3592.9020 0.1651 0.0166 -1.6828 -0.0472 -0.0399 -0.8058 -0.8032
3593.0020 0.1660 0.0218 -1.7896 -0.0472 -0.0400 -0.8058 -0.8042
3593.1020 0.1671 0.0257 -1.8701 -0.0472 -0.0400 -0.8058 -0.8047
3593.2020 0.1684 0.0294 -1.9505 -0.0472 -0.0395 -0.8058 -0.8006
3593.3020 0.1689 0.0307 -1.9776 -0.0472 -0.0393 -0.8058 -0.7995
3593.4020 0.1713 0.0354 -2.0843 -0.0472 -0.0399 -0.8058 -0.8020
3593.5020 0.1734 0.0388 -2.1641 -0.0472 -0.0422 -0.8058 -0.7879
3593.6020 0.1767 0.0432 -2.2700 -0.0472 -0.0402 -0.8058 -0.8027
3593.7020 0.1794 0.0462 -2.3503 0.0101 -0.0403 -1.1155 -0.8029
3593.8020 0.1813 0.0480 -2.4067 0.0101 -0.0369 -1.1155 -0.9494
3593.9020 0.1829 0.0493 -2.5177 0.0101 0.0019 -1.1155 -1.2371
3594.0020 0.1817 0.0486 -2.6329 0.0101 0.0203 -1.1155 -1.1109
3594.1020 0.1793 0.0474 -2.7808 0.0101 0.0203 -1.1155 -1.1121
3594.2020 0.1780 0.0470 -2.8553 0.0101 0.0202 -1.1155 -1.1121
3594.3020 0.1755 0.0464 -3.0026 0.0101 0.0191 -1.1155 -1.1071
3594.4020 0.1735 0.0462 -3.1137 0.0101 0.0198 -1.1155 -1.1115
3594.5020 0.1722 0.0462 3.0950 0.0101 0.0200 -1.1155 -1.1113
3594.6030 0.1701 0.0464 2.9841 0.0101 0.0202 -1.1155 -1.1109
3594.7020 0.1682 0.0468 2.8730 0.0101 0.0203 -1.1155 -1.1113
3594.8020 0.1662 0.0475 2.7618 0.0101 0.0203 -1.1155 -1.1117
3594.9020 0.1639 0.0486 2.6144 0.0101 0.0190 -1.1155 -1.1052
3595.0020 0.1622 0.0497 2.5033 0.0101 0.0198 -1.1155 -1.1114
3595.1020 0.1612 0.0505 2.4288 0.0101 0.0199 -1.1155 -1.1118
3595.2020 0.1597 0.0519 2.3177 0.0101 0.0201 -1.1155 -1.1114
3595.3020 0.1580 0.0540 2.1702 0.0101 0.0204 -1.1155 -1.1113
3595.4020 0.1569 0.0557 2.0590 0.0101 0.0203 -1.1155 -1.1112
3595.5020 0.1561 0.0575 1.9482 0.0101 0.0187 -1.1155 -1.1025
3595.6020 0.1555 0.0594 1.8372 0.0101 0.0199 -1.1155 -1.1111
3595.7020 0.1550 0.0613 1.7261 0.0101 0.0199 -1.1155 -1.1119
3595.8020 0.1549 0.0627 1.6515 0.0101 0.0199 -1.1155 -1.1123
3595.9020 0.1548 0.0647 1.5403 0.0101 0.0203 -1.1155 -1.1114
3596.0020 0.1551 0.0674 1.3927 0.0101 0.0203 -1.1155 -1.1110
3596.1020 0.1555 0.0693 1.2819 0.0101 0.0184 -1.1155 -1.0995
3596.2020 0.1559 0.0705 1.2077 0.0101 0.0200 -1.1155 -1.1105
3596.3020 0.1567 0.0724 1.0966 0.2073 0.0199 1.3431 -1.1111
3596.4020 0.1575 0.0738 0.9622 0.2073 -0.0020 1.3431 -0.7160
3596.5020 0.1573 0.0735 0.9319 0.2073 -0.0062 1.3431 -0.2483
3596.6020 0.1586 0.0752 0.9332 0.2073 0.0482 1.3431 0.2494
3596.7020 0.1611 0.0787 0.9575 0.2073 0.0751 1.3431 0.4479
3596.8020 0.1640 0.0830 0.9892 0.2073 0.0807 1.3431 0.4897
3596.9020 0.1712 0.0949 1.0780 0.2073 0.1365 1.3431 0.9030
3597.0020 0.1778 0.1089 1.1816 0.2073 0.1629 1.3431 1.0978
3597.1020 0.1834 0.1252 1.2982 0.2073 0.1892 1.3431 1.2934
3597.2020 0.1874 0.1442 1.4318 0.2073 0.1955 1.3431 1.3392
3597.3020 0.1887 0.1701 1.6096 0.2073 0.1952 1.3431 1.3372
3597.4020 0.1866 0.1895 1.7434 0.2073 0.1955 1.3431 1.3387
3597.5020 0.1838 0.2023 1.8331 0.2073 0.1955 1.3431 1.3388
3597.6020 0.1799 0.2148 1.9225 0.2073 0.1952 1.3431 1.3367
3597.7020 0.1688 0.2383 2.1005 0.2073 0.1955 1.3431 1.3386
3597.8020 0.1617 0.2493 2.1902 0.2073 0.1955 1.3431 1.3383
3597.9020 0.1449 0.2690 2.3679 0.2073 0.1954 1.3431 1.3376
3598.0020 0.1351 0.2777 2.4575 -0.0816 0.1956 -0.7722 1.3386
3598.1020 0.1136 0.2923 2.6325 -0.0816 0.1925 -0.7722 1.2082
3598.2020 0.0916 0.3026 2.7837 -0.0816 0.1739 -0.7722 1.0691
3598.3030 0.0766 0.3074 2.8784 -0.0816 0.1373 -0.7722 0.7976
3598.4020 0.0688 0.3093 2.9231 -0.0816 0.1014 -0.7722 0.5317
3598.5020 0.0635 0.3104 2.9487 -0.0816 0.0614 -0.7722 0.2359
3598.6020 0.0602 0.3110 2.9444 -0.0816 -0.0041 -0.7722 -0.2485
3598.7030 0.0624 0.3106 2.8991 -0.0816 -0.0213 -0.7722 -0.3750
3598.8020 0.0653 0.3098 2.8553 -0.0816 -0.0428 -0.7722 -0.5357
3598.9020 0.0711 0.3078 2.7870 -0.0816 -0.0751 -0.7722 -0.7664
3599.0020 0.0736 0.3069 2.7612 -0.0816 -0.0769 -0.7722 -0.7548
3599.1020 0.0831 0.3025 2.6628 -0.0816 -0.0795 -0.7722 -0.7400
3599.2020 0.0919 0.2973 2.5619 -0.0816 -0.0747 -0.7722 -0.7676
3599.3020 0.0980 0.2930 2.4853 -0.0816 -0.0747 -0.7722 -0.7677
3599.4020 0.1019 0.2899 2.4338 -0.0816 -0.0747 -0.7722 -0.7679
3599.5020 0.1074 0.2848 2.3570 -0.0816 -0.0749 -0.7722 -0.7685
3599.6020 0.1140 0.2774 2.2547 -0.0816 -0.0750 -0.7722 -0.7693
3599.7020 0.1171 0.2734 2.2032 -0.0816 -0.0750 -0.7722 -0.7693
3599.8020 0.1225 0.2651 2.1013 -0.0816 -0.0749 -0.7722 -0.7691
3599.9020 0.1249 0.2607 2.0498 -0.0816 -0.0747 -0.7722 -0.7677
3600.0020 0.1281 0.2540 1.9730 0.0883 -0.0748 1.2896 -0.7684
3600.1020 0.1315 0.2449 1.8918 0.0883 -0.0631 1.2896 -0.1785
3600.2020 0.1331 0.2400 1.9138 0.0883 -0.0305 1.2896 0.4930
3600.3020 0.1334 0.2393 1.9805 0.0883 0.0100 1.2896 0.7920
3600.4020 0.1330 0.2401 2.0352 0.0883 0.0143 1.2896 0.8231
3600.5020 0.1319 0.2420 2.1241 0.0883 0.0353 1.2896 0.9997
3600.6020 0.1285 0.2468 2.2398 0.0883 0.0770 1.2896 1.2849
3600.7020 0.1234 0.2526 2.3683 0.0883 0.0771 1.2896 1.2853
3600.8020 0.1176 0.2576 2.4966 0.0883 0.0768 1.2896 1.2839
3600.9020 0.1089 0.2630 2.6674 0.0883 0.0768 1.2896 1.2847
3601.0020 0.1043 0.2652 2.7535 0.0883 0.0769 1.2896 1.2855
3601.1020 0.0970 0.2676 2.8821 0.0883 0.0769 1.2896 1.2863
3601.2020 0.0895 0.2691 3.0105 0.0883 0.0766 1.2896 1.2848
3601.3020 0.0818 0.2696 3.1390 0.0883 0.0766 1.2896 1.2856
3601.4020 0.0742 0.2692 -3.0156 0.0883 0.0768 1.2896 1.2864
3601.5020 0.0666 0.2677 -2.8870 -0.0579 0.0769 -1.2126 1.2856
3601.6020 0.0594 0.2654 -2.7608 -0.0579 0.0718 -1.2126 1.1625
3601.7020 0.0535 0.2627 -2.6664 -0.0579 0.0590 -1.2126 0.7342
3601.8020 0.0474 0.2594 -2.5934 -0.0579 0.0503 -1.2126 0.4156
3601.9020 0.0445 0.2576 -2.5738 -0.0579 0.0493 -1.2126 0.1414
3602.0020 0.0409 0.2553 -2.5912 -0.0579 0.0373 -1.2126 -0.5426
3602.1020 0.0405 0.2550 -2.7020 -0.0579 -0.0296 -1.2126 -1.0792
3602.2020 0.0431 0.2560 -2.7801 -0.0579 -0.0472 -1.2126 -1.2089
3602.3020 0.0490 0.2577 -2.9406 -0.0579 -0.0468 -1.2126 -1.2078
3602.4020 0.0537 0.2584 -3.0614 -0.0579 -0.0469 -1.2126 -1.2087
3602.5020 0.0584 0.2585 3.1008 -0.0579 -0.0470 -1.2126 -1.2093
3602.6020 0.0631 0.2580 2.9799 -0.0579 -0.0475 -1.2126 -1.2078
3602.7020 0.0663 0.2573 2.8995 -0.0579 -0.0489 -1.2126 -1.1965
3602.8020 0.0708 0.2559 2.7791 -0.0579 -0.0471 -1.2126 -1.2064
3602.9020 0.0750 0.2539 2.6584 -0.0579 -0.0472 -1.2126 -1.2074
3603.0020 0.0791 0.2515 2.5376 -0.0579 -0.0472 -1.2126 -1.2085
3603.1020 0.0828 0.2486 2.4168 -0.0579 -0.0472 -1.2126 -1.2092
3603.2020 0.0871 0.2441 2.2562 -0.0579 -0.0468 -1.2126 -1.2078
3603.3020 0.0890 0.2416 2.1753 -0.0579 -0.0468 -1.2126 -1.2084
3603.4020 0.0914 0.2376 2.0544 -0.0579 -0.0470 -1.2126 -1.2093
3603.5020 0.0933 0.2333 1.9335 -0.0579 -0.0472 -1.2126 -1.2094
3603.6020 0.0947 0.2287 1.8127 -0.0579 -0.0467 -1.2126 -1.2084
3603.7020 0.0955 0.2241 1.6922 -0.0579 -0.0471 -1.2126 -1.2065
3603.8020 0.0958 0.2179 1.5316 -0.0579 -0.0472 -1.2126 -1.2078
3603.9020 0.0953 0.2132 1.4108 -0.0579 -0.0473 -1.2126 -1.2089
3604.0020 0.0942 0.2086 1.2899 -0.0579 -0.0471 -1.2126 -1.2087
3604.1020 0.0932 0.2056 1.2091 0.1789 -0.0468 1.4405 -1.2074
3604.2020 0.0913 0.2013 1.0934 0.1789 -0.0441 1.4405 -0.9353
3604.3020 0.0890 0.1973 1.0439 0.1789 -0.0176 1.4405 0.0740
3604.4020 0.0886 0.1966 1.0583 0.1789 -0.0032 1.4405 0.1808
3604.5020 0.0893 0.1978 1.0894 0.1789 0.0372 1.4405 0.4807
3604.6020 0.0900 0.1992 1.1080 0.1789 0.0548 1.4405 0.6109
3604.7020 0.0940 0.2083 1.2087 0.1789 0.0832 1.4405 0.8213
3604.8020 0.0971 0.2179 1.3037 0.1789 0.1231 1.4405 1.1176
3604.9020 0.1007 0.2377 1.4802 0.1789 0.1661 1.4405 1.4353
3605.0020 0.1012 0.2487 1.5761 0.1789 0.1659 1.4405 1.4344
3605.1020 0.0990 0.2707 1.7671 0.1789 0.1662 1.4405 1.4365
3605.2020 0.0963 0.2815 1.8633 0.1789 0.1659 1.4405 1.4348
3605.3020 0.0904 0.2970 2.0066 0.1789 0.1659 1.4405 1.4351
3605.4020 0.0793 0.3160 2.1976 0.1789 0.1662 1.4405 1.4369
3605.5020 0.0723 0.3247 2.2937 0.1789 0.1658 1.4405 1.4349
3605.6020 0.0563 0.3397 2.4846 0.1789 0.1660 1.4405 1.4363
3605.7020 0.0424 0.3489 2.6283 0.1789 0.1660 1.4405 1.4367
3605.8020 0.0275 0.3560 2.7717 0.1789 0.1658 1.4405 1.4355
3605.9020 0.0169 0.3595 2.8679 0.1789 0.1660 1.4405 1.4366
3606.0020 0.0007 0.3629 3.0116 0.1789 0.1660 1.4405 1.4371
3606.1020 -0.0213 0.3636 -3.0808 0.0000 0.1658 -1.3787 1.4362
3606.2020 -0.0374 0.3616 -2.9565 0.0000 0.1561 -1.3787 0.8516
3606.3020 -0.0474 0.3595 -2.9210 0.0000 0.1466 -1.3787 0.2256
3606.4020 -0.0610 0.3565 -2.9418 0.0000 0.1259 -1.3787 -0.5335
3606.5020 -0.0714 0.3547 -3.0099 0.0000 0.0913 -1.3787 -0.7908
3606.6020 -0.0801 0.3539 -3.0924 0.0000 0.0830 -1.3787 -0.8521
3606.7020 -0.0872 0.3538 3.0964 0.0000 0.0547 -1.3787 -1.0651
3606.8020 -0.0906 0.3542 2.9277 0.0000 0.0122 -1.3787 -1.3734
3606.9020 -0.0914 0.3544 2.8356 0.0000 0.0122 -1.3787 -1.3742
3607.0020 -0.0929 0.3550 2.6528 0.0000 0.0123 -1.3787 -1.3754
3607.1020 -0.0937 0.3554 2.5608 0.0000 0.0134 -1.3787 -1.3678
3607.2020 -0.0950 0.3564 2.3785 0.0000 0.0119 -1.3787 -1.3698
3607.3020 -0.0958 0.3573 2.2412 0.0000 0.0122 -1.3787 -1.3731
3607.4020 -0.0963 0.3579 2.1492 0.0000 0.0122 -1.3787 -1.3739
3607.5020 -0.0971 0.3594 1.9664 0.0000 0.0123 -1.3787 -1.3752
3607.6020 -0.0975 0.3605 1.8289 0.0000 0.0128 -1.3787 -1.3723
3607.7020 -0.0977 0.3613 1.7370 0.0000 0.0122 -1.3787 -1.3710
3607.8030 -0.0978 0.3625 1.6002 0.0000 0.0123 -1.3787 -1.3728
3607.9020 -0.0977 0.3641 1.4175 0.0000 0.0122 -1.3787 -1.3740
3608.0020 -0.0976 0.3649 1.3255 0.0000 0.0122 -1.3787 -1.3748
3608.1020 -0.0970 0.3665 1.1426 0.0000 0.0127 -1.3787 -1.3725
3608.2020 -0.0968 0.3669 1.0960 0.0000 0.0123 -1.3787 -1.3755
3608.3020 -0.0960 0.3682 0.9137 0.0000 0.0126 -1.3787 -1.3742
3608.4020 -0.0952 0.3691 0.7764 0.0000 0.0122 -1.3787 -1.3733
3608.5020 -0.0943 0.3699 0.6391 0.0000 0.0122 -1.3787 -1.3745
3608.6020 -0.0929 0.3708 0.4562 0.0000 0.0124 -1.3787 -1.3749
3608.7020 -0.0921 0.3712 0.3644 0.0000 0.0122 -1.3787 -1.3748
3608.8020 -0.0910 0.3715 0.2275 0.0000 0.0109 -1.3787 -1.3635
3608.9020 -0.0894 0.3718 0.0450 0.0000 0.0122 -1.3787 -1.3734
3609.0020 -0.0886 0.3718 -0.0471 -0.2351 0.0122 -0.5320 -1.3742
3609.1020 -0.0878 0.3717 -0.1392 -0.2351 0.0122 -0.5320 -1.3750
3609.2020 -0.0915 0.3727 -0.2920 -0.2351 -0.0639 -0.5320 -0.9092
3609.3020 -0.0970 0.3746 -0.3493 -0.2351 -0.1127 -0.5320 -0.8254
3609.4020 -0.1177 0.3835 -0.4534 -0.2351 -0.2166 -0.5320 -0.6211
3609.5020 -0.1446 0.3979 -0.5247 -0.2351 -0.2303 -0.5320 -0.5282
3609.6020 -0.1513 0.4019 -0.5427 -0.2351 -0.2303 -0.5320 -0.5284
3609.7020 -0.1769 0.4186 -0.6134 -0.2351 -0.2301 -0.5320 -0.5326
3609.8020 -0.1954 0.4323 -0.6665 -0.2351 -0.2302 -0.5320 -0.5316
3609.9020 -0.2187 0.4521 -0.7370 -0.2351 -0.2302 -0.5320 -0.5300
3610.0020 -0.2354 0.4680 -0.7900 -0.2351 -0.2304 -0.5320 -0.5304
3610.1020 -0.2460 0.4792 -0.8255 -0.2351 -0.2305 -0.5320 -0.5303
3610.2020 -0.2612 0.4965 -0.8784 -0.2351 -0.2303 -0.5320 -0.5283
3610.3020 -0.2754 0.5146 -0.9313 -0.2351 -0.2301 -0.5320 -0.5309
3610.4020 -0.2886 0.5334 -0.9847 -0.2351 -0.2303 -0.5320 -0.5319
3610.5020 -0.3046 0.5595 -1.0553 -0.2351 -0.2301 -0.5320 -0.5300
3610.6020 -0.3154 0.5798 -1.1083 -0.2351 -0.2303 -0.5320 -0.5301
3610.7020 -0.3252 0.6007 -1.1613 -0.2351 -0.2305 -0.5320 -0.5305
3610.8020 -0.3282 0.6079 -1.1794 -0.2351 -0.2306 -0.5320 -0.5301
3610.9020 -0.3389 0.6366 -1.2495 -0.2351 -0.2303 -0.5320 -0.5284
3611.0020 -0.3475 0.6660 -1.3199 -0.2351 -0.2302 -0.5320 -0.5317
3611.1020 -0.3511 0.6810 -1.3556 -0.2351 -0.2303 -0.5320 -0.5320
3611.2020 -0.3566 0.7111 -1.4259 -0.2351 -0.2301 -0.5320 -0.5297
3611.3020 -0.3593 0.7340 -1.4789 -0.2351 -0.2304 -0.5320 -0.5300
3611.4020 -0.3604 0.7494 -1.5144 -0.2351 -0.2306 -0.5320 -0.5303
3611.5020 -0.3611 0.7724 -1.5672 0.0666 -0.2295 -0.6606 -0.5222
3611.6020 -0.3606 0.7951 -1.6179 0.0666 -0.2135 -0.6606 -0.4161
3611.7020 -0.3594 0.8133 -1.6447 0.0666 -0.1505 -0.6606 -0.1698
3611.8020 -0.3585 0.8257 -1.6539 0.0666 -0.0341 -0.6606 -0.0137
3611.9020 -0.3584 0.8265 -1.6615 0.0666 0.0075 -0.6606 -0.2341
3612.0020 -0.3591 0.8210 -1.7224 0.0666 0.0713 -0.6606 -0.6514
3612.1020 -0.3599 0.8162 -1.7666 0.0666 0.0726 -0.6606 -0.6594
3612.2020 -0.3622 0.8069 -1.8538 0.0666 0.0713 -0.6606 -0.6521
3612.3020 -0.3644 0.8000 -1.9196 0.0666 0.0722 -0.6606 -0.6581
3612.4020 -0.3662 0.7955 -1.9636 0.0666 0.0723 -0.6606 -0.6583
3612.5020 -0.3691 0.7889 -2.0295 0.0666 0.0724 -0.6606 -0.6589
3612.6020 -0.3738 0.7805 -2.1172 0.0666 0.0725 -0.6606 -0.6597
3612.7020 -0.3764 0.7764 -2.1614 0.0666 0.0726 -0.6606 -0.6599
3612.8020 -0.3821 0.7686 -2.2490 0.0666 0.0718 -0.6606 -0.6548
3612.9020 -0.3868 0.7632 -2.3146 0.0666 0.0723 -0.6606 -0.6580
3613.0020 -0.3901 0.7597 -2.3587 0.0666 0.0722 -0.6606 -0.6586
3613.1020 -0.3954 0.7547 -2.4245 0.0666 0.0724 -0.6606 -0.6583
3613.2020 -0.4029 0.7487 -2.5121 0.0666 0.0725 -0.6606 -0.6591
3613.3030 -0.4089 0.7446 -2.5780 0.0666 0.0728 -0.6606 -0.6585
3613.4020 -0.4152 0.7409 -2.6437 -0.1073 0.0722 -0.6455 -0.6600
3613.5020 -0.4213 0.7378 -2.7105 -0.1073 0.0573 -0.6455 -0.7029
3613.6020 -0.4229 0.7371 -2.7353 -0.1073 0.0440 -0.6455 -0.7573
3613.7020 -0.4243 0.7365 -2.8632 -0.1073 -0.0187 -0.6455 -1.1842
3613.8020 -0.4221 0.7370 -2.9788 -0.1073 -0.0279 -0.6455 -1.1258
3613.9020 -0.4175 0.7373 -3.1230 -0.1073 -0.0395 -0.6455 -1.0495
3614.0020 -0.4148 0.7374 3.0910 -0.1073 -0.0425 -0.6455 -1.0207
3614.1020 -0.4102 0.7369 2.9905 -0.1073 -0.0492 -0.6455 -0.9837
3614.2020 -0.4050 0.7358 2.8948 -0.1073 -0.0580 -0.6455 -0.9270
3614.3020 -0.3967 0.7332 2.7779 -0.1073 -0.0732 -0.6455 -0.8295
3614.4020 -0.3894 0.7300 2.6992 -0.1073 -0.0863 -0.6455 -0.7434
3614.5020 -0.3840 0.7273 2.6518 -0.1073 -0.0938 -0.6455 -0.6624
3614.6020 -0.3754 0.7223 2.5869 -0.1073 -0.1013 -0.6455 -0.6429
3614.7020 -0.3669 0.7167 2.5226 -0.1073 -0.1014 -0.6455 -0.6434
3614.8020 -0.3563 0.7084 2.4370 -0.1073 -0.1015 -0.6455 -0.6445
3614.9020 -0.3512 0.7039 2.3938 -0.1073 -0.1015 -0.6455 -0.6449
3615.0020 -0.3440 0.6968 2.3294 -0.1073 -0.1010 -0.6455 -0.6415
3615.1020 -0.3373 0.6892 2.2653 -0.1073 -0.1012 -0.6455 -0.6431
3615.2020 -0.3311 0.6812 2.2010 -0.1073 -0.1013 -0.6455 -0.6436
3615.3020 -0.3254 0.6728 2.1366 -0.1073 -0.1014 -0.6455 -0.6443
3615.4020 -0.3202 0.6641 2.0721 -0.1073 -0.1015 -0.6455 -0.6450
3615.5020 -0.3143 0.6520 1.9865 -0.1073 -0.1001 -0.6455 -0.6352
3615.6020 -0.3117 0.6458 1.9436 -0.1073 -0.1012 -0.6455 -0.6432
3615.7020 -0.3073 0.6330 1.8580 -0.1073 -0.1013 -0.6455 -0.6437
3615.8020 -0.3056 0.6265 1.8149 -0.1073 -0.1014 -0.6455 -0.6441
3615.9020 -0.3029 0.6133 1.7291 -0.1073 -0.1015 -0.6455 -0.6450
3616.0020 -0.3020 0.6065 1.6860 -0.1073 -0.1014 -0.6455 -0.6445
3616.1020 -0.3011 0.5965 1.6219 -0.1073 -0.1012 -0.6455 -0.6427
3616.2020 -0.3009 0.5864 1.5576 0.2159 -0.1013 0.2861 -0.6432
3616.3020 -0.3015 0.5749 1.4746 0.2159 -0.0447 0.2861 -0.5727
3616.4020 -0.3017 0.5735 1.4418 0.2159 -0.0007 0.2861 -0.3862
3616.5020 -0.3011 0.5776 1.4301 0.2159 0.0561 0.2861 0.1177
3616.6020 -0.3005 0.5820 1.4361 0.2159 0.0760 0.2861 0.0150
3616.7020 -0.2985 0.5961 1.4221 0.2159 0.1505 0.2861 -0.1460
3616.8020 -0.2958 0.6136 1.4235 0.2159 0.2020 0.2861 0.2000
3616.9020 -0.2930 0.6346 1.4511 0.2159 0.2137 0.2861 0.2849
3617.0020 -0.2914 0.6488 1.4701 0.2159 0.2132 0.2861 0.2819
3617.1020 -0.2896 0.6701 1.4985 0.2159 0.2130 0.2861 0.2856
3617.2020 -0.2883 0.6914 1.5270 0.2159 0.2132 0.2861 0.2859
3617.3020 -0.2877 0.7127 1.5556 0.2159 0.2135 0.2861 0.2861
3617.4020 -0.2878 0.7410 1.5933 0.2159 0.2127 0.2861 0.2792
3617.5020 -0.2883 0.7553 1.6123 0.2159 0.2134 0.2861 0.2833
3617.6020 -0.2900 0.7837 1.6501 0.2159 0.2135 0.2861 0.2848
3617.7020 -0.2920 0.8049 1.6787 0.2159 0.2134 0.2861 0.2870
3617.8020 -0.2945 0.8261 1.7071 0.2159 0.2124 0.2861 0.2795
3617.9020 -0.2977 0.8471 1.7355 0.2159 0.2133 0.2861 0.2845
3618.0020 -0.3015 0.8681 1.7640 0.0298 0.2135 -1.4379 0.2847
3618.1020 -0.3058 0.8889 1.7739 0.0298 0.2042 -1.4379 -0.2402
3618.2020 -0.3091 0.9062 1.7281 0.0298 0.1497 -1.4379 -0.6795
3618.3020 -0.3102 0.9148 1.6750 0.0298 0.1135 -1.4379 -0.9068
3618.4020 -0.3108 0.9243 1.5705 0.0298 0.0816 -1.4379 -1.1445
3618.5020 -0.3100 0.9345 1.4133 0.0298 0.0703 -1.4379 -1.2302
3618.6020 -0.3088 0.9400 1.2801 0.0298 0.0420 -1.4379 -1.4270
3618.7020 -0.3079 0.9426 1.1847 0.0298 0.0428 -1.4379 -1.4332
3618.8020 -0.3061 0.9464 1.0414 0.0298 0.0425 -1.4379 -1.4327
3618.9020 -0.3037 0.9499 0.8981 0.0298 0.0426 -1.4379 -1.4339
3619.0020 -0.3008 0.9531 0.7547 0.0298 0.0427 -1.4379 -1.4344
3619.1020 -0.2963 0.9566 0.5645 0.0298 0.0426 -1.4379 -1.4306
3619.2020 -0.2926 0.9586 0.4213 0.0298 0.0427 -1.4379 -1.4318
3619.3020 -0.2899 0.9597 0.3254 0.0298 0.0427 -1.4379 -1.4326
3619.4020 -0.2858 0.9608 0.1820 0.0298 0.0427 -1.4379 -1.4338
3619.5020 -0.2802 0.9613 -0.0085 0.0298 0.0410 -1.4379 -1.4241
3619.6020 -0.2788 0.9612 -0.0570 0.0298 0.0423 -1.4379 -1.4326
3619.7020 -0.2731 0.9604 -0.2474 0.0298 0.0427 -1.4379 -1.4318
3619.8020 -0.2691 0.9591 -0.3906 0.0298 0.0429 -1.4379 -1.4325
3619.9020 -0.2640 0.9564 -0.5812 0.0298 0.0426 -1.4379 -1.4323
3620.0020 -0.2618 0.9548 -0.6769 0.0298 0.0424 -1.4379 -1.4321
3620.1020 -0.2577 0.9509 -0.8675 -0.0509 0.0425 0.7431 -1.4333
3620.2020 -0.2568 0.9497 -0.9162 -0.0509 0.0425 0.7431 -1.4335
3620.3020 -0.2553 0.9476 -1.0590 -0.0509 -0.0022 0.7431 -0.7642
3620.4020 -0.2562 0.9494 -1.1103 -0.0509 -0.0370 0.7431 -0.2804
3620.5020 -0.2598 0.9567 -1.1014 -0.0509 -0.0851 0.7431 0.4418
3620.6020 -0.2625 0.9617 -1.0657 -0.0509 -0.0795 0.7431 0.5789
3620.7020 -0.2649 0.9659 -1.0234 -0.0509 -0.0648 0.7431 0.6884
3620.8020 -0.2693 0.9723 -0.9256 -0.0509 -0.0577 0.7431 0.7398
3620.9020 -0.2729 0.9768 -0.8520 -0.0509 -0.0573 0.7431 0.7373
3621.0020 -0.2782 0.9823 -0.7536 -0.0509 -0.0575 0.7431 0.7391
3621.1020 -0.2825 0.9860 -0.6797 -0.0509 -0.0576 0.7431 0.7398
3621.2020 -0.2856 0.9884 -0.6301 -0.0509 -0.0576 0.7431 0.7402
3621.3020 -0.2920 0.9926 -0.5316 -0.0509 -0.0577 0.7431 0.7411
3621.4020 -0.2954 0.9945 -0.4819 -0.0509 -0.0577 0.7431 0.7413
3621.5020 -0.3023 0.9976 -0.3836 -0.0509 -0.0560 0.7431 0.7308
3621.6020 -0.3077 0.9996 -0.3098 -0.0509 -0.0573 0.7431 0.7401
3621.7020 -0.3114 1.0006 -0.2602 -0.0509 -0.0573 0.7431 0.7403
3621.8020 -0.3170 1.0019 -0.1862 -0.0509 -0.0574 0.7431 0.7409
3621.9020 -0.3226 1.0028 -0.1121 -0.0509 -0.0575 0.7431 0.7414
3622.0020 -0.3284 1.0032 -0.0379 -0.0509 -0.0576 0.7431 0.7419
3622.1020 -0.3341 1.0032 0.0362 -0.0509 -0.0576 0.7431 0.7415
3622.2020 -0.3398 1.0028 0.1100 -0.0509 -0.0561 0.7431 0.7308
3622.3020 -0.3455 1.0019 0.1836 -0.0678 -0.0580 -1.6285 0.7349
3622.4020 -0.3510 1.0007 0.2539 -0.0678 -0.0467 -1.6285 0.5267
3622.5020 -0.3539 0.9999 0.2767 -0.0678 -0.0157 -1.6285 -0.0267
3622.6020 -0.3548 0.9996 0.2505 -0.0678 -0.0133 -1.6285 -0.3913
3622.7020 -0.3574 0.9990 0.1830 -0.0678 -0.0380 -1.6285 -1.0116
3622.8020 -0.3601 0.9987 0.0979 -0.0678 -0.0423 -1.6285 -1.5126
3622.9020 -0.3652 0.9986 -0.0625 -0.0678 -0.0525 -1.6285 -1.6167
3623.0020 -0.3705 0.9994 -0.2247 -0.0678 -0.0531 -1.6285 -1.6225
3623.1020 -0.3755 1.0010 -0.3870 -0.0678 -0.0532 -1.6285 -1.6241
3623.2020 -0.3818 1.0044 -0.6029 -0.0678 -0.0531 -1.6285 -1.6116
3623.3020 -0.3860 1.0077 -0.7644 -0.0678 -0.0533 -1.6285 -1.6213
3623.4020 -0.3884 1.0103 -0.8731 -0.0678 -0.0534 -1.6285 -1.6221
3623.5020 -0.3915 1.0147 -1.0354 -0.0678 -0.0535 -1.6285 -1.6236
3623.6020 -0.3944 1.0211 -1.2510 -0.0678 -0.0530 -1.6285 -1.6220
3623.7020 -0.3956 1.0263 -1.4133 -0.0678 -0.0531 -1.6285 -1.6235
3623.8020 -0.3959 1.0298 -1.5221 -0.0678 -0.0533 -1.6285 -1.6237
3623.9020 -0.3957 1.0352 -1.6839 -0.0678 -0.0553 -1.6285 -1.6124
3624.0020 -0.3947 1.0405 -1.8459 -0.0678 -0.0533 -1.6285 -1.6210
3624.1020 -0.3920 1.0470 -2.0616 -0.0678 -0.0534 -1.6285 -1.6231
3624.2020 -0.3902 1.0501 -2.1704 -0.0678 -0.0534 -1.6285 -1.6240
3624.3020 -0.3856 1.0554 -2.3861 -0.0678 -0.0529 -1.6285 -1.6225
3624.4020 -0.3814 1.0587 -2.5484 -0.0678 -0.0532 -1.6285 -1.6229
3624.5020 -0.3767 1.0613 -2.7105 -0.0678 -0.0536 -1.6285 -1.6229
3624.6020 -0.3734 1.0626 -2.8192 -0.0678 -0.0530 -1.6285 -1.6191
